
// punkty
points_count 90
0.9532814 -2.182556 -0.5092924
-0.09622765 4.281574 -0.5092924
1.433031 -2.419453 -0.4393331
0.3835125 4.044656 -0.4393331
1.820051 -2.610526 -0.3350691
0.7705212 3.853578 -0.3350691
2.079992 -2.738855 -0.2057661
1.030422 3.725256 -0.2057661
2.189632 -2.793027 -0.06290908
1.140102 3.671103 -0.06290908
2.139282 -2.768179 0.08081315
1.089811 3.695943 0.08081315
1.933502 -2.666544 0.2126267
0.8839722 3.797555 0.2126267
1.590492 -2.497152 0.3208188
0.5409527 3.96691 0.3208188
1.140713 -2.275094 0.3957728
0.09120178 4.189014 0.3957728
0.6241817 -2.020079 0.430822
-0.4253178 4.444068 0.430822
0.08682251 -1.75469 0.4228681
-0.962719 4.709434 0.4228681
-0.4237175 -1.502654 0.372624
-1.473259 4.961454 0.372624
-0.8620377 -1.286246 0.2845255
-1.911549 5.177888 0.2845255
-1.189108 -1.12473 0.1664142
-2.238638 5.339385 0.1664142
-1.375969 -1.032486 0.02879294
-2.425537 5.431635 0.02879294
-1.405989 -1.017662 -0.1161236
-2.455538 5.446465 -0.1161236
-1.276478 -1.081573 -0.2554407
-2.326008 5.382515 -0.2554407
-0.9989681 -1.218604 -0.3767904
-2.048498 5.245503 -0.3767904
-0.5981178 -1.416528 -0.4693932
-1.647638 5.047538 -0.4693932
-0.1095085 -1.657796 -0.5250219
-1.159048 4.806356 -0.5250219
0.4234028 -1.920921 -0.5387263
-0.6261673 4.54319 -0.5387263
0.3892727 -1.904063 -0.0532284
-0.6602688 4.560065 -0.0532284
2.061123 -1.286211 1.84273
1.975792 -1.404905 1.790811
1.724012 -1.51306 1.649549
1.328102 -1.601051 1.431409
0.8233414 -1.66107 1.155842
0.2545013 -1.687779 0.8472219
-0.327879 -1.678814 0.5330907
-0.8719788 -1.634955 0.2412262
-1.329548 -1.560113 -0.002330355
-1.659838 -1.460935 -0.1759746
-1.833597 -1.346225 -0.2642023
-1.835268 -1.226187 -0.2593394
-1.664787 -1.111481 -0.1616993
-1.337269 -1.012302 0.02008025
-0.8818588 -0.9374599 0.2697344
-0.3389874 -0.8936028 0.5651313
0.2431221 -0.884634 0.8800283
0.8127213 -0.9113438 1.186464
1.319181 -0.9713628 1.457132
1.717552 -1.059361 1.66811
1.972422 -1.16751 1.800524
0.1024227 -1.286211 0.7845373
-2.572779 -1.29471 8.501734
-1.789858 -1.25357 -0.261894
-1.690968 -1.372264 -0.275811
-1.406689 -1.480419 -0.3261549
-0.9621983 -1.56841 -0.4083858
-0.3971176 -1.628429 -0.5152171
0.238472 -1.655138 -0.6370986
0.8880024 -1.646172 -0.7632807
1.493853 -1.602313 -0.8824335
2.002132 -1.527472 -0.9840953
2.367672 -1.428294 -1.059148
2.557972 -1.313583 -1.101055
2.556183 -1.193546 -1.105865
2.362432 -1.07884 -1.073323
1.993893 -0.9796619 -1.00632
1.483421 -0.90482 -0.9107493
0.8762913 -0.8609619 -0.795103
0.2264614 -0.8519928 -0.6696779
-0.4083271 -0.8787029 -0.5456303
-0.9715977 -0.9387219 -0.4339394
-1.413458 -1.02672 -0.3445928
-1.694498 -1.134869 -0.2854718
0.3958416 -1.25357 -0.6850095
-2.426779 -1.26207 -8.349519


// trójkąty
triangles_count 168
45 44 65
46 45 65
47 46 65
48 47 65
49 48 65
50 49 65
51 50 65
52 51 65
53 52 65
54 53 65
55 54 65
56 55 65
57 56 65
58 57 65
59 58 65
60 59 65
61 60 65
62 61 65
63 62 65
64 63 65
44 64 65
44 45 66
45 46 66
46 47 66
47 48 66
48 49 66
49 50 66
50 51 66
51 52 66
52 53 66
53 54 66
54 55 66
55 56 66
56 57 66
57 58 66
58 59 66
59 60 66
60 61 66
61 62 66
62 63 66
63 64 66
64 44 66
1 3 43
2 0 42
3 5 43
4 2 42
5 7 43
6 4 42
7 9 43
8 6 42
9 11 43
10 8 42
11 13 43
12 10 42
13 15 43
14 12 42
15 17 43
16 14 42
17 19 43
18 16 42
19 21 43
20 18 42
21 23 43
22 20 42
23 25 43
24 22 42
25 27 43
26 24 42
27 29 43
28 26 42
29 31 43
30 28 42
31 33 43
32 30 42
33 35 43
34 32 42
35 37 43
36 34 42
37 39 43
38 36 42
39 41 43
40 38 42
41 1 43
0 40 42
0 2 1
2 3 1
2 4 3
4 5 3
4 6 5
6 7 5
6 8 7
8 9 7
8 10 9
10 11 9
10 12 11
12 13 11
12 14 13
14 15 13
14 16 15
16 17 15
16 18 17
18 19 17
18 20 19
20 21 19
20 22 21
22 23 21
22 24 23
24 25 23
24 26 25
26 27 25
26 28 27
28 29 27
28 30 29
30 31 29
30 32 31
32 33 31
32 34 33
34 35 33
34 36 35
36 37 35
36 38 37
38 39 37
38 40 39
40 41 39
40 0 41
0 1 41
68 67 88
69 68 88
70 69 88
71 70 88
72 71 88
73 72 88
74 73 88
75 74 88
76 75 88
77 76 88
78 77 88
79 78 88
80 79 88
81 80 88
82 81 88
83 82 88
84 83 88
85 84 88
86 85 88
87 86 88
67 87 88
67 68 89
68 69 89
69 70 89
70 71 89
71 72 89
72 73 89
73 74 89
74 75 89
75 76 89
76 77 89
77 78 89
78 79 89
79 80 89
80 81 89
81 82 89
82 83 89
83 84 89
84 85 89
85 86 89
86 87 89
87 67 89


// części
parts_count 3
1 1 1 1 1 1 1 1 1 1 1 1 1 1 1 1 1 1 1 1 1 1 1 1 1 1 1 1 1 1 1 1 1 1 1 1 1 1 1 1 1 1 0 0 0 0 0 0 0 0 0 0 0 0 0 0 0 0 0 0 0 0 0 0 0 0 0 0 0 0 0 0 0 0 0 0 0 0 0 0 0 0 0 0 0 0 0 0 0 0 0 0 0 0 0 0 0 0 0 0 0 0 0 0 0 0 0 0 0 0 0 0 0 0 0 0 0 0 0 0 0 0 0 0 0 0 2 2 2 2 2 2 2 2 2 2 2 2 2 2 2 2 2 2 2 2 2 2 2 2 2 2 2 2 2 2 2 2 2 2 2 2 2 2 2 2 2 2 


// materiały
materials_count 6

mat_name default
rgb 0.6 0.95 0.5
kdCr 1
kdCg 1
kdCb 1
ksCr 1
ksCg 1
ksCb 1
krCr 1
krCg 1
krCb 1
kaCr 1
kaCg 1
kaCb 1
g 1
n 1

mat_name 
rgb 0.6235294 0.2784314 0.282353
kdCr 1
kdCg 1
kdCb 1
ksCr 1
ksCg 1
ksCb 1
krCr 0
krCg 0
krCb 0
kaCr 0
kaCg 0
kaCb 0
g 500
n 0

mat_name temp
rgb 0.6392157 0.9019608 0.9019608
kdCr 1
kdCg 1
kdCb 1
ksCr 0.2013
ksCg 0.2081
ksCb 0.2081
krCr 0
krCg 0
krCb 0
kaCr 1
kaCg 1
kaCb 1
g 315
n 1

mat_name Obicie
rgb 0.6235294 0.2784314 0.282353
kdCr 1
kdCg 1
kdCb 1
ksCr 1
ksCg 1
ksCb 1
krCr 0
krCg 0
krCb 0
kaCr 0
kaCg 0
kaCb 0
g 500
n 0

mat_name Powłoka
rgb 0.8039216 0.7960784 0.9254902
kdCr 1
kdCg 1
kdCb 1
ksCr 0.4624
ksCg 0.4557
ksCb 0.4758
krCr 0
krCg 0
krCb 0
kaCr 0
kaCg 0
kaCb 0
g 320
n 0

mat_name Powłoka silniki
rgb 0.2862745 0.3411765 0.5882353
kdCr 1
kdCg 1
kdCb 1
ksCr 0.4624
ksCg 0.4557
ksCb 0.4758
krCr 0
krCg 0
krCb 0
kaCr 0
kaCg 0
kaCb 0
g 320
n 0


// przypisanie materiałów
0 Powłoka
1 Powłoka
2 Powłoka


// światła
lights_count 0


// kamery
cams_count 1
active 0

cam_name Cam1
resolution 800 600
pos 4.9 2 5
lookAt 3.7 1.5 3.5
fov 60
rotation 0


// hierarchia
node_count 3

hier_type Mesh
hier_name Stozek        
triangle_count 42
0 1 2 3 4 5 6 7 8 9 10 11 12 13 14 15 16 17 18 19 20 21 22 23 24 25 26 27 28 29 30 31 32 33 34 35 36 37 38 39 40 41 

hier_type Mesh
hier_name Walec         
triangle_count 84
42 43 44 45 46 47 48 49 50 51 52 53 54 55 56 57 58 59 60 61 62 63 64 65 66 67 68 69 70 71 72 73 74 75 76 77 78 79 80 81 82 83 84 85 86 87 88 89 90 91 92 93 94 95 96 97 98 99 100 101 102 103 104 105 106 107 108 109 110 111 112 113 114 115 116 117 118 119 120 121 122 123 124 125 

hier_type Mesh
hier_name Stozek        
triangle_count 42
126 127 128 129 130 131 132 133 134 135 136 137 138 139 140 141 142 143 144 145 146 147 148 149 150 151 152 153 154 155 156 157 158 159 160 161 162 163 164 165 166 167 
