
// punkty
points_count 1551
-0.9842551 -2.520875 0.1269759
-0.9718469 -2.520875 0.1933539
-0.9362981 -2.520875 0.2507671
-0.8824098 -2.520875 0.2914617
-0.8174599 -2.520875 0.3099416
-0.7502202 -2.520875 0.3037109
-0.6897719 -2.520875 0.2736112
-0.6442786 -2.520875 0.2237076
-0.6198848 -2.520875 0.1607398
-0.6198848 -2.520875 0.09321202
-0.6442786 -2.520875 0.03024425
-0.6897718 -2.520875 -0.01965939
-0.7502202 -2.520875 -0.0497591
-0.8174598 -2.520875 -0.05598979
-0.8824098 -2.520875 -0.03750993
-0.9362981 -2.520875 0.003184646
-0.9718469 -2.520875 0.06059792
-1.161747 -2.470375 0.1269758
-1.137353 -2.470375 0.2574714
-1.067466 -2.470375 0.3703427
-0.9615248 -2.470375 0.4503461
-0.8338369 -2.470375 0.4866765
-0.7016472 -2.470375 0.4744273
-0.5828091 -2.470375 0.415253
-0.4933719 -2.470375 0.317145
-0.4454149 -2.470375 0.1933539
-0.4454149 -2.470375 0.06059794
-0.4933719 -2.470375 -0.06319326
-0.582809 -2.470375 -0.1613011
-0.7016472 -2.470375 -0.2204755
-0.8338368 -2.470375 -0.2327247
-0.9615248 -2.470375 -0.1963943
-1.067466 -2.470375 -0.116391
-1.137353 -2.470375 -0.003519595
-1.326938 -2.38812 0.1269758
-1.291389 -2.38812 0.3171452
-1.189544 -2.38812 0.4816309
-1.035157 -2.38812 0.5982186
-0.8490788 -2.38812 0.6511624
-0.6564407 -2.38812 0.6333119
-0.4832596 -2.38812 0.547078
-0.352924 -2.38812 0.4041067
-0.283037 -2.38812 0.2237077
-0.283037 -2.38812 0.03024425
-0.352924 -2.38812 -0.1501549
-0.4832594 -2.38812 -0.293126
-0.6564407 -2.38812 -0.3793601
-0.8490787 -2.38812 -0.3972106
-1.035157 -2.38812 -0.3442668
-1.189544 -2.38812 -0.2276791
-1.291389 -2.38812 -0.06319332
-1.474201 -2.276911 0.1269758
-1.428708 -2.276911 0.3703428
-1.298373 -2.276911 0.5808415
-1.100798 -2.276911 0.7300434
-0.8626666 -2.276911 0.7977976
-0.6161402 -2.276911 0.7749535
-0.3945136 -2.276911 0.6645967
-0.2277181 -2.276911 0.4816309
-0.138281 -2.276911 0.2507673
-0.138281 -2.276911 0.003184669
-0.2277182 -2.276911 -0.2276791
-0.3945133 -2.276911 -0.4106447
-0.6161401 -2.276911 -0.5210018
-0.8626664 -2.276911 -0.5438458
-1.100798 -2.276911 -0.4760916
-1.298373 -2.276911 -0.3268898
-1.428708 -2.276911 -0.116391
-1.598523 -2.140537 0.1269758
-1.544634 -2.140537 0.415253
-1.390248 -2.140537 0.6645964
-1.156212 -2.140537 0.8413316
-0.8741376 -2.140537 0.9215889
-0.5821179 -2.140537 0.8945293
-0.3195931 -2.140537 0.7638075
-0.1220177 -2.140537 0.5470778
-0.01607621 -2.140537 0.2736113
-0.01607621 -2.140537 -0.01965939
-0.1220177 -2.140537 -0.293126
-0.3195928 -2.140537 -0.5098556
-0.5821179 -2.140537 -0.6405775
-0.8741374 -2.140537 -0.6676371
-1.156212 -2.140537 -0.5873798
-1.390247 -2.140537 -0.4106448
-1.544634 -2.140537 -0.1613012
-1.695669 -1.983641 0.1269757
-1.63522 -1.983641 0.4503462
-1.462039 -1.983641 0.7300433
-1.199514 -1.983641 0.9282931
-0.8831011 -1.983641 1.01832
-0.5555327 -1.983641 0.9879668
-0.2610496 -1.983641 0.8413318
-0.03942251 -1.983641 0.5982186
0.07941568 -1.983641 0.2914619
0.07941574 -1.983641 -0.03750992
-0.03942251 -1.983641 -0.3442668
-0.2610493 -1.983641 -0.5873798
-0.5555326 -1.983641 -0.734015
-0.8831009 -1.983641 -0.7643687
-1.199514 -1.983641 -0.6743414
-1.462039 -1.983641 -0.4760917
-1.63522 -1.983641 -0.1963943
-1.762331 -1.811565 0.1269757
-1.697381 -1.811565 0.4744275
-1.511303 -1.811565 0.7749535
-1.229228 -1.811565 0.9879669
-0.8892519 -1.811565 1.084699
-0.5372896 -1.811565 1.052085
-0.2208765 -1.811565 0.8945295
0.01725507 -1.811565 0.6333118
0.1449431 -1.811565 0.3037111
0.1449431 -1.811565 -0.0497591
0.01725501 -1.811565 -0.3793601
-0.2208762 -1.811565 -0.6405775
-0.5372896 -1.811565 -0.7981327
-0.8892517 -1.811565 -0.8307468
-1.229228 -1.811565 -0.7340151
-1.511303 -1.811565 -0.5210019
-1.697381 -1.811565 -0.2204756
-1.79624 -1.630171 0.1269757
-1.729 -1.630171 0.4866766
-1.536362 -1.630171 0.7977975
-1.244343 -1.630171 1.018321
-0.8923807 -1.630171 1.118462
-0.5280101 -1.630171 1.084699
-0.200442 -1.630171 0.9215891
0.04608464 -1.630171 0.6511623
0.1782742 -1.630171 0.3099418
0.1782743 -1.630171 -0.05598979
0.04608464 -1.630171 -0.3972106
-0.2004417 -1.630171 -0.6676371
-0.5280101 -1.630171 -0.8307468
-0.8923804 -1.630171 -0.8645107
-1.244342 -1.630171 -0.7643688
-1.536362 -1.630171 -0.5438459
-1.729 -1.630171 -0.2327248
-1.79624 -1.445634 0.1269757
-1.729 -1.445634 0.4866766
-1.536362 -1.445634 0.7977975
-1.244343 -1.445634 1.018321
-0.8923807 -1.445634 1.118462
-0.5280101 -1.445634 1.084699
-0.200442 -1.445634 0.9215891
0.04608464 -1.445634 0.6511623
0.1782742 -1.445634 0.3099418
0.1782743 -1.445634 -0.05598979
0.04608464 -1.445634 -0.3972106
-0.2004417 -1.445634 -0.6676371
-0.5280101 -1.445634 -0.8307468
-0.8923804 -1.445634 -0.8645107
-1.244342 -1.445634 -0.7643688
-1.536362 -1.445634 -0.5438459
-1.729 -1.445634 -0.2327248
-1.762331 -1.264239 0.1269757
-1.697381 -1.264239 0.4744275
-1.511303 -1.264239 0.7749535
-1.229228 -1.264239 0.9879669
-0.8892519 -1.264239 1.084699
-0.5372896 -1.264239 1.052085
-0.2208765 -1.264239 0.8945295
0.01725507 -1.264239 0.6333118
0.1449431 -1.264239 0.3037111
0.1449431 -1.264239 -0.0497591
0.01725501 -1.264239 -0.37936
-0.2208762 -1.264239 -0.6405775
-0.5372896 -1.264239 -0.7981327
-0.8892517 -1.264239 -0.8307468
-1.229228 -1.264239 -0.7340151
-1.511303 -1.264239 -0.5210019
-1.697381 -1.264239 -0.2204756
-1.695669 -1.092164 0.1269757
-1.635221 -1.092164 0.4503462
-1.462039 -1.092164 0.7300434
-1.199514 -1.092164 0.9282932
-0.8831011 -1.092164 1.018321
-0.5555327 -1.092164 0.987967
-0.2610495 -1.092164 0.8413318
-0.03942239 -1.092164 0.5982186
0.0794158 -1.092164 0.2914619
0.0794158 -1.092164 -0.03750993
-0.03942245 -1.092164 -0.3442668
-0.2610492 -1.092164 -0.5873798
-0.5555326 -1.092164 -0.7340151
-0.8831009 -1.092164 -0.7643688
-1.199514 -1.092164 -0.6743414
-1.462039 -1.092164 -0.4760917
-1.635221 -1.092164 -0.1963944
-1.598523 -0.9352678 0.1269758
-1.544634 -0.9352678 0.415253
-1.390248 -0.9352678 0.6645965
-1.156212 -0.9352678 0.8413316
-0.8741376 -0.9352678 0.9215889
-0.5821179 -0.9352678 0.8945293
-0.319593 -0.9352678 0.7638075
-0.1220177 -0.9352678 0.5470778
-0.01607621 -0.9352678 0.2736113
-0.01607621 -0.9352678 -0.01965939
-0.1220177 -0.9352678 -0.293126
-0.3195928 -0.9352678 -0.5098556
-0.5821179 -0.9352678 -0.6405776
-0.8741374 -0.9352678 -0.6676371
-1.156212 -0.9352678 -0.5873798
-1.390247 -0.9352678 -0.4106448
-1.544634 -0.9352678 -0.1613012
-1.474201 -0.7988936 0.1269758
-1.428708 -0.7988936 0.3703429
-1.298373 -0.7988936 0.5808416
-1.100798 -0.7988936 0.7300435
-0.8626666 -0.7988936 0.7977976
-0.6161401 -0.7988936 0.7749537
-0.3945135 -0.7988936 0.6645968
-0.2277181 -0.7988936 0.4816309
-0.138281 -0.7988936 0.2507673
-0.1382809 -0.7988936 0.003184646
-0.2277181 -0.7988936 -0.2276791
-0.3945133 -0.7988936 -0.4106448
-0.6161401 -0.7988936 -0.5210019
-0.8626664 -0.7988936 -0.5438459
-1.100798 -0.7988936 -0.4760917
-1.298373 -0.7988936 -0.3268899
-1.428708 -0.7988936 -0.116391
-1.326938 -0.6876854 0.1269758
-1.291389 -0.6876854 0.3171452
-1.189544 -0.6876854 0.4816309
-1.035157 -0.6876854 0.5982187
-0.8490788 -0.6876854 0.6511624
-0.6564407 -0.6876854 0.6333119
-0.4832595 -0.6876854 0.547078
-0.352924 -0.6876854 0.4041067
-0.283037 -0.6876854 0.2237077
-0.2830369 -0.6876854 0.03024425
-0.352924 -0.6876854 -0.1501549
-0.4832594 -0.6876854 -0.293126
-0.6564407 -0.6876854 -0.3793601
-0.8490787 -0.6876854 -0.3972106
-1.035157 -0.6876854 -0.3442668
-1.189544 -0.6876854 -0.2276791
-1.291389 -0.6876854 -0.06319332
-1.161747 -0.6054302 0.1269758
-1.137353 -0.6054302 0.2574714
-1.067466 -0.6054302 0.3703428
-0.9615248 -0.6054302 0.4503462
-0.8338369 -0.6054302 0.4866766
-0.7016472 -0.6054302 0.4744274
-0.582809 -0.6054302 0.415253
-0.4933718 -0.6054302 0.3171451
-0.4454148 -0.6054302 0.193354
-0.4454148 -0.6054302 0.06059792
-0.4933718 -0.6054302 -0.06319332
-0.5828089 -0.6054302 -0.1613012
-0.7016472 -0.6054302 -0.2204756
-0.8338368 -0.6054302 -0.2327248
-0.9615248 -0.6054302 -0.1963944
-1.067466 -0.6054302 -0.116391
-1.137353 -0.6054302 -0.003519624
-0.9842551 -0.5549294 0.1269759
-0.9718469 -0.5549294 0.1933539
-0.9362981 -0.5549294 0.2507671
-0.8824098 -0.5549294 0.2914617
-0.8174599 -0.5549294 0.3099416
-0.7502202 -0.5549294 0.3037109
-0.6897719 -0.5549294 0.2736112
-0.6442786 -0.5549294 0.2237076
-0.6198848 -0.5549294 0.1607398
-0.6198848 -0.5549294 0.09321202
-0.6442786 -0.5549294 0.03024425
-0.6897718 -0.5549294 -0.01965937
-0.7502202 -0.5549294 -0.04975909
-0.8174598 -0.5549294 -0.05598977
-0.8824098 -0.5549294 -0.03750992
-0.9362981 -0.5549294 0.003184661
-0.9718469 -0.5549294 0.06059793
-0.8005056 -0.5379025 0.1269759
-0.8005056 -2.537902 0.1269759
-1.143262 -3.45663 0.1269759
-1.152184 -3.45663 0.2602629
-1.178793 -3.45663 0.3911713
-1.222612 -3.45663 0.5173652
-1.28286 -3.45663 0.6365926
-1.358462 -3.45663 0.7467258
-1.448069 -3.45663 0.8457996
-1.550082 -3.45663 0.9320461
-1.66268 -3.45663 1.003926
-1.783854 -3.45663 1.060157
-1.911442 -3.45663 1.099735
-2.043167 -3.45663 1.121954
-2.176677 -3.45663 1.126418
-2.309592 -3.45663 1.113046
-2.439538 -3.45663 1.082078
-2.564197 -3.45663 1.034067
-2.681345 -3.45663 0.9698679
-2.78889 -3.45663 0.8906278
-2.884914 -3.45663 0.7977604
-2.967704 -3.45663 0.6929225
-3.035781 -3.45663 0.5779856
-3.087931 -3.45663 0.4550003
-3.123224 -3.45663 0.3261611
-3.141029 -3.45663 0.1937681
-3.141029 -3.45663 0.06018256
-3.123224 -3.45663 -0.07221062
-3.087931 -3.45663 -0.2010496
-3.03578 -3.45663 -0.324035
-2.967703 -3.45663 -0.4389719
-2.884913 -3.45663 -0.5438095
-2.788889 -3.45663 -0.6366769
-2.681344 -3.45663 -0.7159168
-2.564196 -3.45663 -0.7801155
-2.439537 -3.45663 -0.8281269
-2.309591 -3.45663 -0.8590945
-2.176676 -3.45663 -0.8724657
-2.043166 -3.45663 -0.8680019
-1.911441 -3.45663 -0.8457826
-1.783853 -3.45663 -0.8062043
-1.662679 -3.45663 -0.7499736
-1.550081 -3.45663 -0.6780937
-1.448069 -3.45663 -0.5918474
-1.358462 -3.45663 -0.4927732
-1.28286 -3.45663 -0.3826401
-1.222611 -3.45663 -0.2634119
-1.178792 -3.45663 -0.1372185
-1.152184 -3.45663 -0.006310239
-2.143262 -3.45663 0.1269759
-2.143262 -0.4566302 0.1269759
0.4571556 0.6427305 -0.8730241
2.457155 0.6427305 -0.8730241
2.457155 0.6427305 1.126976
0.4571556 0.6427305 1.126976
0.4571556 2.64273 -0.8730241
2.457155 2.64273 -0.8730241
2.457155 2.64273 1.126976
0.4571556 2.64273 1.126976
1.457156 2.64273 0.1269759
1.457156 2.64273 0.1269759
1.457156 1.64273 -0.8730241
1.457156 1.64273 -0.8730241
2.457155 1.64273 0.1269759
2.457155 1.64273 0.1269759
1.457156 1.64273 1.126976
1.457156 1.64273 1.126976
0.4571556 1.64273 0.1269759
0.4571556 1.64273 0.1269759
1.457156 0.6427305 0.1269759
1.457156 0.6427305 0.1269759
1.457156 2.64273 -0.8730241
0.4571556 2.64273 0.1269759
1.457156 2.64273 1.126976
2.457155 2.64273 0.1269759
1.457156 0.6427305 -0.8730241
0.4571556 1.64273 -0.8730241
1.457156 2.64273 -0.8730241
2.457155 1.64273 -0.8730241
2.457155 0.6427305 0.1269759
2.457155 1.64273 -0.8730241
2.457155 2.64273 0.1269759
2.457155 1.64273 1.126976
1.457156 0.6427305 1.126976
2.457155 1.64273 1.126976
1.457156 2.64273 1.126976
0.4571556 1.64273 1.126976
0.4571556 0.6427305 0.1269759
0.4571556 1.64273 1.126976
0.4571556 2.64273 0.1269759
0.4571556 1.64273 -0.8730241
1.457156 0.6427305 -0.8730241
2.457155 0.6427305 0.1269759
1.457156 0.6427305 1.126976
0.4571556 0.6427305 0.1269759
0.9571556 2.64273 -0.3730241
1.957156 2.64273 -0.3730241
0.9571556 2.64273 0.6269759
0.9571556 2.64273 -0.3730241
1.957156 2.64273 0.6269759
0.9571556 2.64273 0.6269759
1.957156 2.64273 -0.3730241
1.957156 2.64273 0.6269759
0.9571556 1.14273 -0.8730241
1.957156 1.14273 -0.8730241
0.9571556 2.14273 -0.8730241
0.9571556 1.14273 -0.8730241
1.957156 2.14273 -0.8730241
0.9571556 2.14273 -0.8730241
1.957156 1.14273 -0.8730241
1.957156 2.14273 -0.8730241
2.457155 1.14273 -0.3730241
2.457155 1.14273 0.6269759
2.457155 2.14273 -0.3730241
2.457155 1.14273 -0.3730241
2.457155 2.14273 0.6269759
2.457155 2.14273 -0.3730241
2.457155 1.14273 0.6269759
2.457155 2.14273 0.6269759
1.957156 1.14273 1.126976
0.9571556 1.14273 1.126976
1.957156 2.14273 1.126976
1.957156 1.14273 1.126976
0.9571556 2.14273 1.126976
1.957156 2.14273 1.126976
0.9571556 1.14273 1.126976
0.9571556 2.14273 1.126976
0.4571556 1.14273 0.6269759
0.4571556 1.14273 -0.3730241
0.4571556 2.14273 0.6269759
0.4571556 1.14273 0.6269759
0.4571556 2.14273 -0.3730241
0.4571556 2.14273 0.6269759
0.4571556 1.14273 -0.3730241
0.4571556 2.14273 -0.3730241
1.957156 0.6427305 -0.3730241
0.9571556 0.6427305 -0.3730241
1.957156 0.6427305 0.6269759
1.957156 0.6427305 -0.3730241
0.9571556 0.6427305 0.6269759
1.957156 0.6427305 0.6269759
0.9571556 0.6427305 -0.3730241
0.9571556 0.6427305 0.6269759
1.457156 2.64273 -0.3730241
0.9571556 2.64273 -0.8730241
1.957156 2.64273 -0.8730241
1.457156 2.64273 -0.3730241
0.9571556 2.64273 0.1269759
0.4571556 2.64273 0.6269759
0.4571556 2.64273 -0.3730241
0.9571556 2.64273 0.1269759
1.457156 2.64273 0.6269759
1.957156 2.64273 1.126976
0.9571556 2.64273 1.126976
1.457156 2.64273 0.6269759
1.957156 2.64273 0.1269759
2.457155 2.64273 -0.3730241
2.457155 2.64273 0.6269759
1.957156 2.64273 0.1269759
1.457156 1.14273 -0.8730241
0.9571556 0.6427305 -0.8730241
1.957156 0.6427305 -0.8730241
1.457156 1.14273 -0.8730241
0.9571556 1.64273 -0.8730241
0.4571556 2.14273 -0.8730241
0.4571556 1.14273 -0.8730241
0.9571556 1.64273 -0.8730241
1.457156 2.14273 -0.8730241
1.957156 2.64273 -0.8730241
0.9571556 2.64273 -0.8730241
1.457156 2.14273 -0.8730241
1.957156 1.64273 -0.8730241
2.457155 1.14273 -0.8730241
2.457155 2.14273 -0.8730241
1.957156 1.64273 -0.8730241
2.457155 1.14273 0.1269759
2.457155 0.6427305 -0.3730241
2.457155 0.6427305 0.6269759
2.457155 1.14273 0.1269759
2.457155 1.64273 -0.3730241
2.457155 2.14273 -0.8730241
2.457155 1.14273 -0.8730241
2.457155 1.64273 -0.3730241
2.457155 2.14273 0.1269759
2.457155 2.64273 0.6269759
2.457155 2.64273 -0.3730241
2.457155 2.14273 0.1269759
2.457155 1.64273 0.6269759
2.457155 1.14273 1.126976
2.457155 2.14273 1.126976
2.457155 1.64273 0.6269759
1.457156 1.14273 1.126976
1.957156 0.6427305 1.126976
0.9571556 0.6427305 1.126976
1.457156 1.14273 1.126976
1.957156 1.64273 1.126976
2.457155 2.14273 1.126976
2.457155 1.14273 1.126976
1.957156 1.64273 1.126976
1.457156 2.14273 1.126976
0.9571556 2.64273 1.126976
1.957156 2.64273 1.126976
1.457156 2.14273 1.126976
0.9571556 1.64273 1.126976
0.4571556 1.14273 1.126976
0.4571556 2.14273 1.126976
0.9571556 1.64273 1.126976
0.4571556 1.14273 0.1269759
0.4571556 0.6427305 0.6269759
0.4571556 0.6427305 -0.3730241
0.4571556 1.14273 0.1269759
0.4571556 1.64273 0.6269759
0.4571556 2.14273 1.126976
0.4571556 1.14273 1.126976
0.4571556 1.64273 0.6269759
0.4571556 2.14273 0.1269759
0.4571556 2.64273 -0.3730241
0.4571556 2.64273 0.6269759
0.4571556 2.14273 0.1269759
0.4571556 1.64273 -0.3730241
0.4571556 1.14273 -0.8730241
0.4571556 2.14273 -0.8730241
0.4571556 1.64273 -0.3730241
1.457156 0.6427305 -0.3730241
1.957156 0.6427305 -0.8730241
0.9571556 0.6427305 -0.8730241
1.457156 0.6427305 -0.3730241
1.957156 0.6427305 0.1269759
2.457155 0.6427305 0.6269759
2.457155 0.6427305 -0.3730241
1.957156 0.6427305 0.1269759
1.457156 0.6427305 0.6269759
0.9571556 0.6427305 1.126976
1.957156 0.6427305 1.126976
1.457156 0.6427305 0.6269759
0.9571556 0.6427305 0.1269759
0.4571556 0.6427305 -0.3730241
0.4571556 0.6427305 0.6269759
0.9571556 0.6427305 0.1269759
1.207156 2.64273 -0.6230241
1.207156 2.64273 -0.1230241
0.7071556 2.64273 -0.6230241
1.207156 2.64273 -0.6230241
1.707156 2.64273 -0.6230241
2.207155 2.64273 -0.6230241
1.707156 2.64273 -0.1230241
1.707156 2.64273 -0.6230241
0.7071556 2.64273 0.3769759
1.207156 2.64273 0.3769759
0.7071556 2.64273 0.8769759
0.7071556 2.64273 0.3769759
0.7071556 2.64273 -0.1230241
0.7071556 2.64273 -0.6230241
1.207156 2.64273 -0.1230241
0.7071556 2.64273 -0.1230241
1.707156 2.64273 0.8769759
1.707156 2.64273 0.3769759
2.207155 2.64273 0.8769759
1.707156 2.64273 0.8769759
1.207156 2.64273 0.8769759
0.7071556 2.64273 0.8769759
1.207156 2.64273 0.3769759
1.207156 2.64273 0.8769759
2.207155 2.64273 -0.1230241
1.707156 2.64273 -0.1230241
2.207155 2.64273 -0.6230241
2.207155 2.64273 -0.1230241
2.207155 2.64273 0.3769759
2.207155 2.64273 0.8769759
1.707156 2.64273 0.3769759
2.207155 2.64273 0.3769759
1.207156 0.8927305 -0.8730241
1.207156 1.39273 -0.8730241
0.7071556 0.8927305 -0.8730241
1.207156 0.8927305 -0.8730241
1.707156 0.8927305 -0.8730241
2.207155 0.8927305 -0.8730241
1.707156 1.39273 -0.8730241
1.707156 0.8927305 -0.8730241
0.7071556 1.89273 -0.8730241
1.207156 1.89273 -0.8730241
0.7071556 2.39273 -0.8730241
0.7071556 1.89273 -0.8730241
0.7071556 1.39273 -0.8730241
0.7071556 0.8927305 -0.8730241
1.207156 1.39273 -0.8730241
0.7071556 1.39273 -0.8730241
1.707156 2.39273 -0.8730241
1.707156 1.89273 -0.8730241
2.207155 2.39273 -0.8730241
1.707156 2.39273 -0.8730241
1.207156 2.39273 -0.8730241
0.7071556 2.39273 -0.8730241
1.207156 1.89273 -0.8730241
1.207156 2.39273 -0.8730241
2.207155 1.39273 -0.8730241
1.707156 1.39273 -0.8730241
2.207155 0.8927305 -0.8730241
2.207155 1.39273 -0.8730241
2.207155 1.89273 -0.8730241
2.207155 2.39273 -0.8730241
1.707156 1.89273 -0.8730241
2.207155 1.89273 -0.8730241
2.457155 0.8927305 -0.1230241
2.457155 1.39273 -0.1230241
2.457155 0.8927305 -0.6230241
2.457155 0.8927305 -0.1230241
2.457155 0.8927305 0.3769759
2.457155 0.8927305 0.8769759
2.457155 1.39273 0.3769759
2.457155 0.8927305 0.3769759
2.457155 1.89273 -0.6230241
2.457155 1.89273 -0.1230241
2.457155 2.39273 -0.6230241
2.457155 1.89273 -0.6230241
2.457155 1.39273 -0.6230241
2.457155 0.8927305 -0.6230241
2.457155 1.39273 -0.1230241
2.457155 1.39273 -0.6230241
2.457155 2.39273 0.3769759
2.457155 1.89273 0.3769759
2.457155 2.39273 0.8769759
2.457155 2.39273 0.3769759
2.457155 2.39273 -0.1230241
2.457155 2.39273 -0.6230241
2.457155 1.89273 -0.1230241
2.457155 2.39273 -0.1230241
2.457155 1.39273 0.8769759
2.457155 1.39273 0.3769759
2.457155 0.8927305 0.8769759
2.457155 1.39273 0.8769759
2.457155 1.89273 0.8769759
2.457155 2.39273 0.8769759
2.457155 1.89273 0.3769759
2.457155 1.89273 0.8769759
1.707156 0.8927305 1.126976
1.707156 1.39273 1.126976
2.207155 0.8927305 1.126976
1.707156 0.8927305 1.126976
1.207156 0.8927305 1.126976
0.7071556 0.8927305 1.126976
1.207156 1.39273 1.126976
1.207156 0.8927305 1.126976
2.207155 1.89273 1.126976
1.707156 1.89273 1.126976
2.207155 2.39273 1.126976
2.207155 1.89273 1.126976
2.207155 1.39273 1.126976
2.207155 0.8927305 1.126976
1.707156 1.39273 1.126976
2.207155 1.39273 1.126976
1.207156 2.39273 1.126976
1.207156 1.89273 1.126976
0.7071556 2.39273 1.126976
1.207156 2.39273 1.126976
1.707156 2.39273 1.126976
2.207155 2.39273 1.126976
1.707156 1.89273 1.126976
1.707156 2.39273 1.126976
0.7071556 1.39273 1.126976
1.207156 1.39273 1.126976
0.7071556 0.8927305 1.126976
0.7071556 1.39273 1.126976
0.7071556 1.89273 1.126976
0.7071556 2.39273 1.126976
1.207156 1.89273 1.126976
0.7071556 1.89273 1.126976
0.4571556 0.8927305 0.3769759
0.4571556 1.39273 0.3769759
0.4571556 0.8927305 0.8769759
0.4571556 0.8927305 0.3769759
0.4571556 0.8927305 -0.1230241
0.4571556 0.8927305 -0.6230241
0.4571556 1.39273 -0.1230241
0.4571556 0.8927305 -0.1230241
0.4571556 1.89273 0.8769759
0.4571556 1.89273 0.3769759
0.4571556 2.39273 0.8769759
0.4571556 1.89273 0.8769759
0.4571556 1.39273 0.8769759
0.4571556 0.8927305 0.8769759
0.4571556 1.39273 0.3769759
0.4571556 1.39273 0.8769759
0.4571556 2.39273 -0.1230241
0.4571556 1.89273 -0.1230241
0.4571556 2.39273 -0.6230241
0.4571556 2.39273 -0.1230241
0.4571556 2.39273 0.3769759
0.4571556 2.39273 0.8769759
0.4571556 1.89273 0.3769759
0.4571556 2.39273 0.3769759
0.4571556 1.39273 -0.6230241
0.4571556 1.39273 -0.1230241
0.4571556 0.8927305 -0.6230241
0.4571556 1.39273 -0.6230241
0.4571556 1.89273 -0.6230241
0.4571556 2.39273 -0.6230241
0.4571556 1.89273 -0.1230241
0.4571556 1.89273 -0.6230241
1.707156 0.6427305 -0.6230241
1.707156 0.6427305 -0.1230241
2.207155 0.6427305 -0.6230241
1.707156 0.6427305 -0.6230241
1.207156 0.6427305 -0.6230241
0.7071556 0.6427305 -0.6230241
1.207156 0.6427305 -0.1230241
1.207156 0.6427305 -0.6230241
2.207155 0.6427305 0.3769759
1.707156 0.6427305 0.3769759
2.207155 0.6427305 0.8769759
2.207155 0.6427305 0.3769759
2.207155 0.6427305 -0.1230241
2.207155 0.6427305 -0.6230241
1.707156 0.6427305 -0.1230241
2.207155 0.6427305 -0.1230241
1.207156 0.6427305 0.8769759
1.207156 0.6427305 0.3769759
0.7071556 0.6427305 0.8769759
1.207156 0.6427305 0.8769759
1.707156 0.6427305 0.8769759
2.207155 0.6427305 0.8769759
1.707156 0.6427305 0.3769759
1.707156 0.6427305 0.8769759
0.7071556 0.6427305 -0.1230241
1.207156 0.6427305 -0.1230241
0.7071556 0.6427305 -0.6230241
0.7071556 0.6427305 -0.1230241
0.7071556 0.6427305 0.3769759
0.7071556 0.6427305 0.8769759
1.207156 0.6427305 0.3769759
0.7071556 0.6427305 0.3769759
0.7206072 -2.626613 -4.075171
0.7206072 -0.626613 -4.075171
0.6939989 -2.626613 -3.944262
0.6939989 -0.626613 -3.944262
0.6501796 -2.626613 -3.818068
0.6501796 -0.626613 -3.818068
0.5899312 -2.626613 -3.698841
0.5899312 -0.626613 -3.698841
0.5143291 -2.626613 -3.588707
0.5143291 -0.626613 -3.588707
0.4247221 -2.626613 -3.489634
0.4247221 -0.626613 -3.489634
0.3227093 -2.626613 -3.403387
0.3227093 -0.626613 -3.403387
0.2101113 -2.626613 -3.331507
0.2101113 -0.626613 -3.331507
0.08893737 -2.626613 -3.275277
0.08893737 -0.626613 -3.275277
-0.03865033 -2.626613 -3.235699
-0.03865033 -0.626613 -3.235699
-0.170375 -2.626613 -3.21348
-0.170375 -0.626613 -3.21348
-0.3038856 -2.626613 -3.209016
-0.3038856 -0.626613 -3.209016
-0.4367999 -2.626613 -3.222387
-0.4367999 -0.626613 -3.222387
-0.5667462 -2.626613 -3.253355
-0.5667462 -0.626613 -3.253355
-0.6914055 -2.626613 -3.301367
-0.6914055 -0.626613 -3.301367
-0.8085531 -2.626613 -3.365566
-0.8085531 -0.626613 -3.365566
-0.9160985 -2.626613 -3.444806
-0.9160985 -0.626613 -3.444806
-1.012123 -2.626613 -3.537673
-1.012123 -0.626613 -3.537673
-1.094912 -2.626613 -3.642511
-1.094912 -0.626613 -3.642511
-1.162989 -2.626613 -3.757448
-1.162989 -0.626613 -3.757448
-1.21514 -2.626613 -3.880433
-1.21514 -0.626613 -3.880433
-1.250432 -2.626613 -4.009272
-1.250432 -0.626613 -4.009272
-1.268237 -2.626613 -4.141665
-1.268237 -0.626613 -4.141665
-1.268237 -2.626613 -4.275251
-1.268237 -0.626613 -4.275251
-1.250432 -2.626613 -4.407644
-1.250432 -0.626613 -4.407644
-1.215139 -2.626613 -4.536483
-1.215139 -0.626613 -4.536483
-1.162989 -2.626613 -4.659469
-1.162989 -0.626613 -4.659469
-1.094911 -2.626613 -4.774405
-1.094911 -0.626613 -4.774405
-1.012122 -2.626613 -4.879243
-1.012122 -0.626613 -4.879243
-0.9160974 -2.626613 -4.97211
-0.9160974 -0.626613 -4.97211
-0.8085519 -2.626613 -5.05135
-0.8085519 -0.626613 -5.05135
-0.691404 -2.626613 -5.115549
-0.691404 -0.626613 -5.115549
-0.5667449 -2.626613 -5.16356
-0.5667449 -0.626613 -5.16356
-0.4367989 -2.626613 -5.194528
-0.4367989 -0.626613 -5.194528
-0.3038846 -2.626613 -5.207899
-0.3038846 -0.626613 -5.207899
-0.1703741 -2.626613 -5.203435
-0.1703741 -0.626613 -5.203435
-0.03864935 -2.626613 -5.181216
-0.03864935 -0.626613 -5.181216
0.08893853 -2.626613 -5.141638
0.08893853 -0.626613 -5.141638
0.2101123 -2.626613 -5.085407
0.2101123 -0.626613 -5.085407
0.3227101 -2.626613 -5.013527
0.3227101 -0.626613 -5.013527
0.4247226 -2.626613 -4.927281
0.4247226 -0.626613 -4.927281
0.5143297 -2.626613 -4.828207
0.5143297 -0.626613 -4.828207
0.5899317 -2.626613 -4.718073
0.5899317 -0.626613 -4.718073
0.6501802 -2.626613 -4.598845
0.6501802 -0.626613 -4.598845
0.6939992 -2.626613 -4.472652
0.6939992 -0.626613 -4.472652
0.7206073 -2.626613 -4.341743
0.7206073 -0.626613 -4.341743
0.7295297 -2.626613 -4.208456
0.7295297 -0.626613 -4.208456
-0.2704703 -2.626613 -4.208457
-0.2704703 -0.626613 -4.208457
-1.27047 -2.981977 -2.578768
0.7295297 -2.981977 -2.578768
0.7295297 -2.981977 -0.5787685
-1.27047 -2.981977 -0.5787685
-1.27047 -0.9819764 -2.578768
0.7295297 -0.9819764 -2.578768
0.7295297 -0.9819764 -0.5787685
-1.27047 -0.9819764 -0.5787685
-0.2704703 -0.9819764 -1.578768
-0.2704703 -0.9819764 -1.578768
-0.2704703 -1.981976 -2.578768
-0.2704703 -1.981976 -2.578768
0.7295297 -1.981976 -1.578768
0.7295297 -1.981976 -1.578768
-0.2704703 -1.981976 -0.5787685
-0.2704703 -1.981976 -0.5787685
-1.27047 -1.981976 -1.578768
-1.27047 -1.981976 -1.578768
-0.2704703 -2.981977 -1.578768
-0.2704703 -2.981977 -1.578768
-0.2704703 -0.9819764 -2.578768
-1.27047 -0.9819764 -1.578768
-0.2704703 -0.9819764 -0.5787685
0.7295297 -0.9819764 -1.578768
-0.2704703 -2.981977 -2.578768
-1.27047 -1.981976 -2.578768
-0.2704703 -0.9819764 -2.578768
0.7295297 -1.981976 -2.578768
0.7295297 -2.981977 -1.578768
0.7295297 -1.981976 -2.578768
0.7295297 -0.9819764 -1.578768
0.7295297 -1.981976 -0.5787685
-0.2704703 -2.981977 -0.5787685
0.7295297 -1.981976 -0.5787685
-0.2704703 -0.9819764 -0.5787685
-1.27047 -1.981976 -0.5787685
-1.27047 -2.981977 -1.578768
-1.27047 -1.981976 -0.5787685
-1.27047 -0.9819764 -1.578768
-1.27047 -1.981976 -2.578768
-0.2704703 -2.981977 -2.578768
0.7295297 -2.981977 -1.578768
-0.2704703 -2.981977 -0.5787685
-1.27047 -2.981977 -1.578768
-0.7704703 -0.9819764 -2.078768
0.2295297 -0.9819764 -2.078768
-0.7704703 -0.9819764 -1.078768
-0.7704703 -0.9819764 -2.078768
0.2295297 -0.9819764 -1.078768
-0.7704703 -0.9819764 -1.078768
0.2295297 -0.9819764 -2.078768
0.2295297 -0.9819764 -1.078768
-0.7704703 -2.481977 -2.578768
0.2295297 -2.481977 -2.578768
-0.7704703 -1.481976 -2.578768
-0.7704703 -2.481977 -2.578768
0.2295297 -1.481976 -2.578768
-0.7704703 -1.481976 -2.578768
0.2295297 -2.481977 -2.578768
0.2295297 -1.481976 -2.578768
0.7295297 -2.481977 -2.078768
0.7295297 -2.481977 -1.078768
0.7295297 -1.481976 -2.078768
0.7295297 -2.481977 -2.078768
0.7295297 -1.481976 -1.078768
0.7295297 -1.481976 -2.078768
0.7295297 -2.481977 -1.078768
0.7295297 -1.481976 -1.078768
0.2295297 -2.481977 -0.5787685
-0.7704703 -2.481977 -0.5787685
0.2295297 -1.481976 -0.5787685
0.2295297 -2.481977 -0.5787685
-0.7704703 -1.481976 -0.5787685
0.2295297 -1.481976 -0.5787685
-0.7704703 -2.481977 -0.5787685
-0.7704703 -1.481976 -0.5787685
-1.27047 -2.481977 -1.078768
-1.27047 -2.481977 -2.078768
-1.27047 -1.481976 -1.078768
-1.27047 -2.481977 -1.078768
-1.27047 -1.481976 -2.078768
-1.27047 -1.481976 -1.078768
-1.27047 -2.481977 -2.078768
-1.27047 -1.481976 -2.078768
0.2295297 -2.981977 -2.078768
-0.7704703 -2.981977 -2.078768
0.2295297 -2.981977 -1.078768
0.2295297 -2.981977 -2.078768
-0.7704703 -2.981977 -1.078768
0.2295297 -2.981977 -1.078768
-0.7704703 -2.981977 -2.078768
-0.7704703 -2.981977 -1.078768
-0.2704703 -0.9819764 -2.078768
-0.7704703 -0.9819764 -2.578768
0.2295297 -0.9819764 -2.578768
-0.2704703 -0.9819764 -2.078768
-0.7704703 -0.9819764 -1.578768
-1.27047 -0.9819764 -1.078768
-1.27047 -0.9819764 -2.078768
-0.7704703 -0.9819764 -1.578768
-0.2704703 -0.9819764 -1.078768
0.2295297 -0.9819764 -0.5787685
-0.7704703 -0.9819764 -0.5787685
-0.2704703 -0.9819764 -1.078768
0.2295297 -0.9819764 -1.578768
0.7295297 -0.9819764 -2.078768
0.7295297 -0.9819764 -1.078768
0.2295297 -0.9819764 -1.578768
-0.2704703 -2.481977 -2.578768
-0.7704703 -2.981977 -2.578768
0.2295297 -2.981977 -2.578768
-0.2704703 -2.481977 -2.578768
-0.7704703 -1.981976 -2.578768
-1.27047 -1.481976 -2.578768
-1.27047 -2.481977 -2.578768
-0.7704703 -1.981976 -2.578768
-0.2704703 -1.481976 -2.578768
0.2295297 -0.9819764 -2.578768
-0.7704703 -0.9819764 -2.578768
-0.2704703 -1.481976 -2.578768
0.2295297 -1.981976 -2.578768
0.7295297 -2.481977 -2.578768
0.7295297 -1.481976 -2.578768
0.2295297 -1.981976 -2.578768
0.7295297 -2.481977 -1.578768
0.7295297 -2.981977 -2.078768
0.7295297 -2.981977 -1.078768
0.7295297 -2.481977 -1.578768
0.7295297 -1.981976 -2.078768
0.7295297 -1.481976 -2.578768
0.7295297 -2.481977 -2.578768
0.7295297 -1.981976 -2.078768
0.7295297 -1.481976 -1.578768
0.7295297 -0.9819764 -1.078768
0.7295297 -0.9819764 -2.078768
0.7295297 -1.481976 -1.578768
0.7295297 -1.981976 -1.078768
0.7295297 -2.481977 -0.5787685
0.7295297 -1.481976 -0.5787685
0.7295297 -1.981976 -1.078768
-0.2704703 -2.481977 -0.5787685
0.2295297 -2.981977 -0.5787685
-0.7704703 -2.981977 -0.5787685
-0.2704703 -2.481977 -0.5787685
0.2295297 -1.981976 -0.5787685
0.7295297 -1.481976 -0.5787685
0.7295297 -2.481977 -0.5787685
0.2295297 -1.981976 -0.5787685
-0.2704703 -1.481976 -0.5787685
-0.7704703 -0.9819764 -0.5787685
0.2295297 -0.9819764 -0.5787685
-0.2704703 -1.481976 -0.5787685
-0.7704703 -1.981976 -0.5787685
-1.27047 -2.481977 -0.5787685
-1.27047 -1.481976 -0.5787685
-0.7704703 -1.981976 -0.5787685
-1.27047 -2.481977 -1.578768
-1.27047 -2.981977 -1.078768
-1.27047 -2.981977 -2.078768
-1.27047 -2.481977 -1.578768
-1.27047 -1.981976 -1.078768
-1.27047 -1.481976 -0.5787685
-1.27047 -2.481977 -0.5787685
-1.27047 -1.981976 -1.078768
-1.27047 -1.481976 -1.578768
-1.27047 -0.9819764 -2.078768
-1.27047 -0.9819764 -1.078768
-1.27047 -1.481976 -1.578768
-1.27047 -1.981976 -2.078768
-1.27047 -2.481977 -2.578768
-1.27047 -1.481976 -2.578768
-1.27047 -1.981976 -2.078768
-0.2704703 -2.981977 -2.078768
0.2295297 -2.981977 -2.578768
-0.7704703 -2.981977 -2.578768
-0.2704703 -2.981977 -2.078768
0.2295297 -2.981977 -1.578768
0.7295297 -2.981977 -1.078768
0.7295297 -2.981977 -2.078768
0.2295297 -2.981977 -1.578768
-0.2704703 -2.981977 -1.078768
-0.7704703 -2.981977 -0.5787685
0.2295297 -2.981977 -0.5787685
-0.2704703 -2.981977 -1.078768
-0.7704703 -2.981977 -1.578768
-1.27047 -2.981977 -2.078768
-1.27047 -2.981977 -1.078768
-0.7704703 -2.981977 -1.578768
-0.5204703 -0.9819764 -2.328768
-0.5204703 -0.9819764 -1.828768
-1.02047 -0.9819764 -2.328768
-0.5204703 -0.9819764 -2.328768
-0.02047029 -0.9819764 -2.328768
0.4795297 -0.9819764 -2.328768
-0.02047029 -0.9819764 -1.828768
-0.02047029 -0.9819764 -2.328768
-1.02047 -0.9819764 -1.328768
-0.5204703 -0.9819764 -1.328768
-1.02047 -0.9819764 -0.8287685
-1.02047 -0.9819764 -1.328768
-1.02047 -0.9819764 -1.828768
-1.02047 -0.9819764 -2.328768
-0.5204703 -0.9819764 -1.828768
-1.02047 -0.9819764 -1.828768
-0.02047029 -0.9819764 -0.8287685
-0.02047029 -0.9819764 -1.328768
0.4795297 -0.9819764 -0.8287685
-0.02047029 -0.9819764 -0.8287685
-0.5204703 -0.9819764 -0.8287685
-1.02047 -0.9819764 -0.8287685
-0.5204703 -0.9819764 -1.328768
-0.5204703 -0.9819764 -0.8287685
0.4795297 -0.9819764 -1.828768
-0.02047029 -0.9819764 -1.828768
0.4795297 -0.9819764 -2.328768
0.4795297 -0.9819764 -1.828768
0.4795297 -0.9819764 -1.328768
0.4795297 -0.9819764 -0.8287685
-0.02047029 -0.9819764 -1.328768
0.4795297 -0.9819764 -1.328768
-0.5204703 -2.731977 -2.578768
-0.5204703 -2.231977 -2.578768
-1.02047 -2.731977 -2.578768
-0.5204703 -2.731977 -2.578768
-0.02047029 -2.731977 -2.578768
0.4795297 -2.731977 -2.578768
-0.02047029 -2.231977 -2.578768
-0.02047029 -2.731977 -2.578768
-1.02047 -1.731976 -2.578768
-0.5204703 -1.731976 -2.578768
-1.02047 -1.231976 -2.578768
-1.02047 -1.731976 -2.578768
-1.02047 -2.231977 -2.578768
-1.02047 -2.731977 -2.578768
-0.5204703 -2.231977 -2.578768
-1.02047 -2.231977 -2.578768
-0.02047029 -1.231976 -2.578768
-0.02047029 -1.731976 -2.578768
0.4795297 -1.231976 -2.578768
-0.02047029 -1.231976 -2.578768
-0.5204703 -1.231976 -2.578768
-1.02047 -1.231976 -2.578768
-0.5204703 -1.731976 -2.578768
-0.5204703 -1.231976 -2.578768
0.4795297 -2.231977 -2.578768
-0.02047029 -2.231977 -2.578768
0.4795297 -2.731977 -2.578768
0.4795297 -2.231977 -2.578768
0.4795297 -1.731976 -2.578768
0.4795297 -1.231976 -2.578768
-0.02047029 -1.731976 -2.578768
0.4795297 -1.731976 -2.578768
0.7295297 -2.731977 -1.828768
0.7295297 -2.231977 -1.828768
0.7295297 -2.731977 -2.328768
0.7295297 -2.731977 -1.828768
0.7295297 -2.731977 -1.328768
0.7295297 -2.731977 -0.8287685
0.7295297 -2.231977 -1.328768
0.7295297 -2.731977 -1.328768
0.7295297 -1.731976 -2.328768
0.7295297 -1.731976 -1.828768
0.7295297 -1.231976 -2.328768
0.7295297 -1.731976 -2.328768
0.7295297 -2.231977 -2.328768
0.7295297 -2.731977 -2.328768
0.7295297 -2.231977 -1.828768
0.7295297 -2.231977 -2.328768
0.7295297 -1.231976 -1.328768
0.7295297 -1.731976 -1.328768
0.7295297 -1.231976 -0.8287685
0.7295297 -1.231976 -1.328768
0.7295297 -1.231976 -1.828768
0.7295297 -1.231976 -2.328768
0.7295297 -1.731976 -1.828768
0.7295297 -1.231976 -1.828768
0.7295297 -2.231977 -0.8287685
0.7295297 -2.231977 -1.328768
0.7295297 -2.731977 -0.8287685
0.7295297 -2.231977 -0.8287685
0.7295297 -1.731976 -0.8287685
0.7295297 -1.231976 -0.8287685
0.7295297 -1.731976 -1.328768
0.7295297 -1.731976 -0.8287685
-0.02047029 -2.731977 -0.5787685
-0.02047029 -2.231977 -0.5787685
0.4795297 -2.731977 -0.5787685
-0.02047029 -2.731977 -0.5787685
-0.5204703 -2.731977 -0.5787685
-1.02047 -2.731977 -0.5787685
-0.5204703 -2.231977 -0.5787685
-0.5204703 -2.731977 -0.5787685
0.4795297 -1.731976 -0.5787685
-0.02047029 -1.731976 -0.5787685
0.4795297 -1.231976 -0.5787685
0.4795297 -1.731976 -0.5787685
0.4795297 -2.231977 -0.5787685
0.4795297 -2.731977 -0.5787685
-0.02047029 -2.231977 -0.5787685
0.4795297 -2.231977 -0.5787685
-0.5204703 -1.231976 -0.5787685
-0.5204703 -1.731976 -0.5787685
-1.02047 -1.231976 -0.5787685
-0.5204703 -1.231976 -0.5787685
-0.02047029 -1.231976 -0.5787685
0.4795297 -1.231976 -0.5787685
-0.02047029 -1.731976 -0.5787685
-0.02047029 -1.231976 -0.5787685
-1.02047 -2.231977 -0.5787685
-0.5204703 -2.231977 -0.5787685
-1.02047 -2.731977 -0.5787685
-1.02047 -2.231977 -0.5787685
-1.02047 -1.731976 -0.5787685
-1.02047 -1.231976 -0.5787685
-0.5204703 -1.731976 -0.5787685
-1.02047 -1.731976 -0.5787685
-1.27047 -2.731977 -1.328768
-1.27047 -2.231977 -1.328768
-1.27047 -2.731977 -0.8287685
-1.27047 -2.731977 -1.328768
-1.27047 -2.731977 -1.828768
-1.27047 -2.731977 -2.328768
-1.27047 -2.231977 -1.828768
-1.27047 -2.731977 -1.828768
-1.27047 -1.731976 -0.8287685
-1.27047 -1.731976 -1.328768
-1.27047 -1.231976 -0.8287685
-1.27047 -1.731976 -0.8287685
-1.27047 -2.231977 -0.8287685
-1.27047 -2.731977 -0.8287685
-1.27047 -2.231977 -1.328768
-1.27047 -2.231977 -0.8287685
-1.27047 -1.231976 -1.828768
-1.27047 -1.731976 -1.828768
-1.27047 -1.231976 -2.328768
-1.27047 -1.231976 -1.828768
-1.27047 -1.231976 -1.328768
-1.27047 -1.231976 -0.8287685
-1.27047 -1.731976 -1.328768
-1.27047 -1.231976 -1.328768
-1.27047 -2.231977 -2.328768
-1.27047 -2.231977 -1.828768
-1.27047 -2.731977 -2.328768
-1.27047 -2.231977 -2.328768
-1.27047 -1.731976 -2.328768
-1.27047 -1.231976 -2.328768
-1.27047 -1.731976 -1.828768
-1.27047 -1.731976 -2.328768
-0.02047029 -2.981977 -2.328768
-0.02047029 -2.981977 -1.828768
0.4795297 -2.981977 -2.328768
-0.02047029 -2.981977 -2.328768
-0.5204703 -2.981977 -2.328768
-1.02047 -2.981977 -2.328768
-0.5204703 -2.981977 -1.828768
-0.5204703 -2.981977 -2.328768
0.4795297 -2.981977 -1.328768
-0.02047029 -2.981977 -1.328768
0.4795297 -2.981977 -0.8287685
0.4795297 -2.981977 -1.328768
0.4795297 -2.981977 -1.828768
0.4795297 -2.981977 -2.328768
-0.02047029 -2.981977 -1.828768
0.4795297 -2.981977 -1.828768
-0.5204703 -2.981977 -0.8287685
-0.5204703 -2.981977 -1.328768
-1.02047 -2.981977 -0.8287685
-0.5204703 -2.981977 -0.8287685
-0.02047029 -2.981977 -0.8287685
0.4795297 -2.981977 -0.8287685
-0.02047029 -2.981977 -1.328768
-0.02047029 -2.981977 -0.8287685
-1.02047 -2.981977 -1.828768
-0.5204703 -2.981977 -1.828768
-1.02047 -2.981977 -2.328768
-1.02047 -2.981977 -1.828768
-1.02047 -2.981977 -1.328768
-1.02047 -2.981977 -0.8287685
-0.5204703 -2.981977 -1.328768
-1.02047 -2.981977 -1.328768
0.7295297 -2.910904 5.244209
0.7206072 -2.910904 5.377496
0.6939989 -2.910904 5.508405
0.6501796 -2.910904 5.634599
0.5899312 -2.910904 5.753826
0.5143291 -2.910904 5.863959
0.4247221 -2.910904 5.963033
0.3227093 -2.910904 6.049279
0.2101113 -2.910904 6.12116
0.08893737 -2.910904 6.17739
-0.03865033 -2.910904 6.216968
-0.170375 -2.910904 6.239187
-0.3038856 -2.910904 6.243651
-0.4367999 -2.910904 6.230279
-0.5667462 -2.910904 6.199312
-0.6914055 -2.910904 6.1513
-0.8085531 -2.910904 6.087101
-0.9160985 -2.910904 6.007861
-1.012123 -2.910904 5.914994
-1.094912 -2.910904 5.810156
-1.162989 -2.910904 5.695219
-1.21514 -2.910904 5.572234
-1.250432 -2.910904 5.443395
-1.268237 -2.910904 5.311001
-1.268237 -2.910904 5.177416
-1.250432 -2.910904 5.045023
-1.215139 -2.910904 4.916184
-1.162989 -2.910904 4.793198
-1.094911 -2.910904 4.678262
-1.012122 -2.910904 4.573424
-0.9160974 -2.910904 4.480556
-0.8085519 -2.910904 4.401317
-0.691404 -2.910904 4.337118
-0.5667449 -2.910904 4.289106
-0.4367989 -2.910904 4.258139
-0.3038846 -2.910904 4.244768
-0.1703741 -2.910904 4.249231
-0.03864935 -2.910904 4.271451
0.08893853 -2.910904 4.311029
0.2101123 -2.910904 4.36726
0.3227101 -2.910904 4.43914
0.4247226 -2.910904 4.525386
0.5143297 -2.910904 4.62446
0.5899317 -2.910904 4.734593
0.6501802 -2.910904 4.853821
0.6939992 -2.910904 4.980015
0.7206073 -2.910904 5.110923
-0.2704703 -2.910904 5.244209
-0.2704703 0.08909631 5.244209
-0.4542198 2.649792 2.898811
-0.4418116 2.649792 2.965189
-0.4062629 2.649792 3.022602
-0.3523745 2.649792 3.063297
-0.2874246 2.649792 3.081776
-0.2201849 2.649792 3.075546
-0.1597365 2.649792 3.045446
-0.1142433 2.649792 2.995542
-0.08984944 2.649792 2.932575
-0.08984944 2.649792 2.865047
-0.1142433 2.649792 2.802079
-0.1597365 2.649792 2.752175
-0.2201848 2.649792 2.722076
-0.2874246 2.649792 2.715845
-0.3523745 2.649792 2.734325
-0.4062628 2.649792 2.775019
-0.4418116 2.649792 2.832433
-0.6317118 2.700293 2.898811
-0.607318 2.700293 3.029306
-0.5374311 2.700293 3.142177
-0.4314895 2.700293 3.222181
-0.3038016 2.700293 3.258511
-0.1716119 2.700293 3.246262
-0.05277373 2.700293 3.187088
0.03666347 2.700293 3.08898
0.08462042 2.700293 2.965189
0.08462045 2.700293 2.832433
0.03666347 2.700293 2.708642
-0.05277361 2.700293 2.610534
-0.1716119 2.700293 2.551359
-0.3038014 2.700293 2.53911
-0.4314895 2.700293 2.57544
-0.537431 2.700293 2.655444
-0.607318 2.700293 2.768315
-0.7969024 2.782548 2.898811
-0.7613536 2.782548 3.08898
-0.6595085 2.782548 3.253466
-0.5051213 2.782548 3.370053
-0.3190435 2.782548 3.422997
-0.1264053 2.782548 3.405147
0.04677579 2.782548 3.318913
0.1771114 2.782548 3.175941
0.2469983 2.782548 2.995542
0.2469983 2.782548 2.802079
0.1771114 2.782548 2.62168
0.04677597 2.782548 2.478709
-0.1264053 2.782548 2.392475
-0.3190433 2.782548 2.374624
-0.5051213 2.782548 2.427568
-0.6595083 2.782548 2.544156
-0.7613536 2.782548 2.708641
-0.9441658 2.893757 2.898811
-0.8986727 2.893757 3.142178
-0.7683374 2.893757 3.352676
-0.5707623 2.893757 3.501878
-0.3326313 2.893757 3.569632
-0.08610483 2.893757 3.546788
0.1355218 2.893757 3.436431
0.3023172 2.893757 3.253466
0.3917543 2.893757 3.022602
0.3917543 2.893757 2.775019
0.3023172 2.893757 2.544156
0.135522 2.893757 2.36119
-0.08610478 2.893757 2.250833
-0.3326311 2.893757 2.227989
-0.5707622 2.893757 2.295743
-0.7683373 2.893757 2.444945
-0.8986727 2.893757 2.655444
-1.068488 3.030131 2.89881
-1.014599 3.030131 3.187088
-0.8602122 3.030131 3.436431
-0.6261772 3.030131 3.613166
-0.3441023 3.030131 3.693424
-0.0520826 3.030131 3.666364
0.2104423 3.030131 3.535642
0.4080177 3.030131 3.318913
0.5139592 3.030131 3.045446
0.5139592 3.030131 2.752175
0.4080176 3.030131 2.478709
0.2104425 3.030131 2.261979
-0.05208255 3.030131 2.131257
-0.344102 3.030131 2.104198
-0.6261772 3.030131 2.184455
-0.8602121 3.030131 2.36119
-1.014599 3.030131 2.610533
-1.165634 3.187027 2.89881
-1.105185 3.187027 3.222181
-0.932004 3.187027 3.501878
-0.6694789 3.187027 3.700128
-0.3530658 3.187027 3.790155
-0.02549733 3.187027 3.759802
0.2689858 3.187027 3.613167
0.4906128 3.187027 3.370053
0.6094511 3.187027 3.063297
0.6094511 3.187027 2.734325
0.4906128 3.187027 2.427568
0.2689861 3.187027 2.184455
-0.02549729 3.187027 2.03782
-0.3530656 3.187027 2.007466
-0.6694789 3.187027 2.097493
-0.9320039 3.187027 2.295743
-1.105185 3.187027 2.57544
-1.232296 3.359102 2.89881
-1.167346 3.359102 3.246262
-0.9812682 3.359102 3.546788
-0.6991929 3.359102 3.759802
-0.3592167 3.359102 3.856533
-0.007254303 3.359102 3.823919
0.3091589 3.359102 3.666364
0.5472904 3.359102 3.405147
0.6749784 3.359102 3.075546
0.6749785 3.359102 2.722076
0.5472903 3.359102 2.392475
0.3091592 3.359102 2.131257
-0.007254243 3.359102 1.973702
-0.3592164 3.359102 1.941088
-0.6991929 3.359102 2.03782
-0.981268 3.359102 2.250833
-1.167346 3.359102 2.551359
-1.266204 3.540497 2.89881
-1.198965 3.540497 3.258511
-1.006327 3.540497 3.569632
-0.7143072 3.540497 3.790155
-0.3623453 3.540497 3.890297
0.002025217 3.540497 3.856533
0.3295933 3.540497 3.693424
0.57612 3.540497 3.422997
0.7083095 3.540497 3.081776
0.7083097 3.540497 2.715845
0.57612 3.540497 2.374624
0.3295936 3.540497 2.104198
0.002025247 3.540497 1.941088
-0.362345 3.540497 1.907324
-0.7143072 3.540497 2.007466
-1.006327 3.540497 2.227989
-1.198965 3.540497 2.53911
-1.266204 3.725034 2.89881
-1.198965 3.725034 3.258511
-1.006327 3.725034 3.569632
-0.7143072 3.725034 3.790155
-0.3623453 3.725034 3.890297
0.002025217 3.725034 3.856533
0.3295933 3.725034 3.693424
0.57612 3.725034 3.422997
0.7083095 3.725034 3.081776
0.7083097 3.725034 2.715845
0.57612 3.725034 2.374624
0.3295936 3.725034 2.104198
0.002025276 3.725034 1.941088
-0.362345 3.725034 1.907324
-0.7143072 3.725034 2.007466
-1.006327 3.725034 2.227989
-1.198965 3.725034 2.53911
-1.232296 3.906429 2.89881
-1.167346 3.906429 3.246262
-0.9812682 3.906429 3.546788
-0.6991929 3.906429 3.759802
-0.3592167 3.906429 3.856533
-0.007254303 3.906429 3.823919
0.3091589 3.906429 3.666364
0.5472904 3.906429 3.405147
0.6749784 3.906429 3.075546
0.6749785 3.906429 2.722076
0.5472903 3.906429 2.392475
0.3091592 3.906429 2.131257
-0.007254243 3.906429 1.973702
-0.3592164 3.906429 1.941088
-0.6991929 3.906429 2.03782
-0.981268 3.906429 2.250833
-1.167346 3.906429 2.551359
-1.165634 4.078504 2.89881
-1.105185 4.078504 3.222181
-0.9320041 4.078504 3.501878
-0.6694789 4.078504 3.700128
-0.3530658 4.078504 3.790155
-0.0254973 4.078504 3.759802
0.2689858 4.078504 3.613167
0.490613 4.078504 3.370053
0.6094512 4.078504 3.063297
0.6094512 4.078504 2.734325
0.4906129 4.078504 2.427568
0.2689861 4.078504 2.184455
-0.02549726 4.078504 2.03782
-0.3530656 4.078504 2.007466
-0.6694789 4.078504 2.097493
-0.932004 4.078504 2.295743
-1.105185 4.078504 2.57544
-1.068488 4.2354 2.89881
-1.014599 4.2354 3.187088
-0.8602122 4.2354 3.436431
-0.6261772 4.2354 3.613166
-0.3441023 4.2354 3.693424
-0.05208258 4.2354 3.666364
0.2104423 4.2354 3.535642
0.4080177 4.2354 3.318913
0.5139592 4.2354 3.045446
0.5139592 4.2354 2.752175
0.4080176 4.2354 2.478709
0.2104425 4.2354 2.261979
-0.05208254 4.2354 2.131257
-0.344102 4.2354 2.104198
-0.6261772 4.2354 2.184455
-0.8602121 4.2354 2.36119
-1.014599 4.2354 2.610533
-0.9441659 4.371775 2.898811
-0.8986728 4.371775 3.142178
-0.7683375 4.371775 3.352676
-0.5707623 4.371775 3.501878
-0.3326313 4.371775 3.569632
-0.0861048 4.371775 3.546788
0.1355218 4.371775 3.436431
0.3023173 4.371775 3.253466
0.3917544 4.371775 3.022602
0.3917544 4.371775 2.775019
0.3023173 4.371775 2.544156
0.1355221 4.371775 2.36119
-0.08610475 4.371775 2.250833
-0.3326311 4.371775 2.227989
-0.5707623 4.371775 2.295743
-0.7683374 4.371775 2.444945
-0.8986728 4.371775 2.655444
-0.7969024 4.482983 2.898811
-0.7613537 4.482983 3.08898
-0.6595085 4.482983 3.253466
-0.5051214 4.482983 3.370053
-0.3190435 4.482983 3.422997
-0.1264053 4.482983 3.405147
0.04677582 4.482983 3.318913
0.1771114 4.482983 3.175941
0.2469983 4.482983 2.995542
0.2469984 4.482983 2.802079
0.1771114 4.482983 2.62168
0.046776 4.482983 2.478709
-0.1264053 4.482983 2.392475
-0.3190433 4.482983 2.374624
-0.5051213 4.482983 2.427568
-0.6595083 4.482983 2.544156
-0.7613537 4.482983 2.708641
-0.631712 4.565238 2.898811
-0.6073181 4.565238 3.029306
-0.5374311 4.565238 3.142178
-0.4314896 4.565238 3.222181
-0.3038016 4.565238 3.258511
-0.1716118 4.565238 3.246262
-0.05277365 4.565238 3.187088
0.03666356 4.565238 3.08898
0.08462054 4.565238 2.965189
0.08462054 4.565238 2.832433
0.03666356 4.565238 2.708641
-0.05277354 4.565238 2.610533
-0.1716118 4.565238 2.551359
-0.3038015 4.565238 2.53911
-0.4314895 4.565238 2.57544
-0.5374311 4.565238 2.655444
-0.6073181 4.565238 2.768315
-0.4542198 4.615739 2.898811
-0.4418116 4.615739 2.965189
-0.4062629 4.615739 3.022602
-0.3523745 4.615739 3.063297
-0.2874246 4.615739 3.081776
-0.2201849 4.615739 3.075546
-0.1597365 4.615739 3.045446
-0.1142433 4.615739 2.995542
-0.08984947 4.615739 2.932575
-0.08984946 4.615739 2.865047
-0.1142433 4.615739 2.802079
-0.1597365 4.615739 2.752175
-0.2201849 4.615739 2.722076
-0.2874246 4.615739 2.715845
-0.3523745 4.615739 2.734325
-0.4062628 4.615739 2.775019
-0.4418116 4.615739 2.832433
-0.2704703 4.632766 2.898811
-0.2704703 2.632766 2.898811
0.7295297 0.2873671 -2.787004
0.7206072 0.2873671 -2.653717
0.6939989 0.2873671 -2.522809
0.6501796 0.2873671 -2.396615
0.5899312 0.2873671 -2.277387
0.5143291 0.2873671 -2.167254
0.4247221 0.2873671 -2.06818
0.3227093 0.2873671 -1.981934
0.2101113 0.2873671 -1.910054
0.08893737 0.2873671 -1.853824
-0.03865033 0.2873671 -1.814245
-0.170375 0.2873671 -1.792026
-0.3038856 0.2873671 -1.787562
-0.4367999 0.2873671 -1.800934
-0.5667462 0.2873671 -1.831902
-0.6914055 0.2873671 -1.879913
-0.8085531 0.2873671 -1.944112
-0.9160985 0.2873671 -2.023352
-1.012123 0.2873671 -2.11622
-1.094912 0.2873671 -2.221057
-1.162989 0.2873671 -2.335994
-1.21514 0.2873671 -2.45898
-1.250432 0.2873671 -2.587819
-1.268237 0.2873671 -2.720212
-1.268237 0.2873671 -2.853797
-1.250432 0.2873671 -2.986191
-1.215139 0.2873671 -3.115029
-1.162989 0.2873671 -3.238015
-1.094911 0.2873671 -3.352952
-1.012122 0.2873671 -3.457789
-0.9160974 0.2873671 -3.550657
-0.8085519 0.2873671 -3.629897
-0.691404 0.2873671 -3.694095
-0.5667449 0.2873671 -3.742107
-0.4367989 0.2873671 -3.773074
-0.3038846 0.2873671 -3.786446
-0.1703741 0.2873671 -3.781982
-0.03864935 0.2873671 -3.759763
0.08893853 0.2873671 -3.720184
0.2101123 0.2873671 -3.663954
0.3227101 0.2873671 -3.592073
0.4247226 0.2873671 -3.505827
0.5143297 0.2873671 -3.406753
0.5899317 0.2873671 -3.29662
0.6501802 0.2873671 -3.177392
0.6939992 0.2873671 -3.051198
0.7206073 0.2873671 -2.92029
-0.2704703 0.2873671 -2.787004
-0.2704703 3.287367 -2.787004


// trójkąty
triangles_count 2326
1180 1179 1226
1181 1180 1226
1182 1181 1226
1183 1182 1226
1184 1183 1226
1185 1184 1226
1186 1185 1226
1187 1186 1226
1188 1187 1226
1189 1188 1226
1190 1189 1226
1191 1190 1226
1192 1191 1226
1193 1192 1226
1194 1193 1226
1195 1194 1226
1196 1195 1226
1197 1196 1226
1198 1197 1226
1199 1198 1226
1200 1199 1226
1201 1200 1226
1202 1201 1226
1203 1202 1226
1204 1203 1226
1205 1204 1226
1206 1205 1226
1207 1206 1226
1208 1207 1226
1209 1208 1226
1210 1209 1226
1211 1210 1226
1212 1211 1226
1213 1212 1226
1214 1213 1226
1215 1214 1226
1216 1215 1226
1217 1216 1226
1218 1217 1226
1219 1218 1226
1220 1219 1226
1221 1220 1226
1222 1221 1226
1223 1222 1226
1224 1223 1226
1225 1224 1226
1179 1225 1226
1179 1180 1227
1180 1181 1227
1181 1182 1227
1182 1183 1227
1183 1184 1227
1184 1185 1227
1185 1186 1227
1186 1187 1227
1187 1188 1227
1188 1189 1227
1189 1190 1227
1190 1191 1227
1191 1192 1227
1192 1193 1227
1193 1194 1227
1194 1195 1227
1195 1196 1227
1196 1197 1227
1197 1198 1227
1198 1199 1227
1199 1200 1227
1200 1201 1227
1201 1202 1227
1202 1203 1227
1203 1204 1227
1204 1205 1227
1205 1206 1227
1206 1207 1227
1207 1208 1227
1208 1209 1227
1209 1210 1227
1210 1211 1227
1211 1212 1227
1212 1213 1227
1213 1214 1227
1214 1215 1227
1215 1216 1227
1216 1217 1227
1217 1218 1227
1218 1219 1227
1219 1220 1227
1220 1221 1227
1221 1222 1227
1222 1223 1227
1223 1224 1227
1224 1225 1227
1225 1179 1227
1228 1246 1229
1228 1245 1246
1229 1247 1230
1229 1246 1247
1230 1248 1231
1230 1247 1248
1231 1249 1232
1231 1248 1249
1232 1250 1233
1232 1249 1250
1233 1251 1234
1233 1250 1251
1234 1252 1235
1234 1251 1252
1235 1253 1236
1235 1252 1253
1236 1254 1237
1236 1253 1254
1237 1255 1238
1237 1254 1255
1238 1256 1239
1238 1255 1256
1239 1257 1240
1239 1256 1257
1240 1258 1241
1240 1257 1258
1241 1259 1242
1241 1258 1259
1242 1260 1243
1242 1259 1260
1243 1261 1244
1243 1260 1261
1244 1245 1228
1244 1261 1245
1245 1263 1246
1245 1262 1263
1246 1264 1247
1246 1263 1264
1247 1265 1248
1247 1264 1265
1248 1266 1249
1248 1265 1266
1249 1267 1250
1249 1266 1267
1250 1268 1251
1250 1267 1268
1251 1269 1252
1251 1268 1269
1252 1270 1253
1252 1269 1270
1253 1271 1254
1253 1270 1271
1254 1272 1255
1254 1271 1272
1255 1273 1256
1255 1272 1273
1256 1274 1257
1256 1273 1274
1257 1275 1258
1257 1274 1275
1258 1276 1259
1258 1275 1276
1259 1277 1260
1259 1276 1277
1260 1278 1261
1260 1277 1278
1261 1262 1245
1261 1278 1262
1262 1280 1263
1262 1279 1280
1263 1281 1264
1263 1280 1281
1264 1282 1265
1264 1281 1282
1265 1283 1266
1265 1282 1283
1266 1284 1267
1266 1283 1284
1267 1285 1268
1267 1284 1285
1268 1286 1269
1268 1285 1286
1269 1287 1270
1269 1286 1287
1270 1288 1271
1270 1287 1288
1271 1289 1272
1271 1288 1289
1272 1290 1273
1272 1289 1290
1273 1291 1274
1273 1290 1291
1274 1292 1275
1274 1291 1292
1275 1293 1276
1275 1292 1293
1276 1294 1277
1276 1293 1294
1277 1295 1278
1277 1294 1295
1278 1279 1262
1278 1295 1279
1279 1297 1280
1279 1296 1297
1280 1298 1281
1280 1297 1298
1281 1299 1282
1281 1298 1299
1282 1300 1283
1282 1299 1300
1283 1301 1284
1283 1300 1301
1284 1302 1285
1284 1301 1302
1285 1303 1286
1285 1302 1303
1286 1304 1287
1286 1303 1304
1287 1305 1288
1287 1304 1305
1288 1306 1289
1288 1305 1306
1289 1307 1290
1289 1306 1307
1290 1308 1291
1290 1307 1308
1291 1309 1292
1291 1308 1309
1292 1310 1293
1292 1309 1310
1293 1311 1294
1293 1310 1311
1294 1312 1295
1294 1311 1312
1295 1296 1279
1295 1312 1296
1296 1314 1297
1296 1313 1314
1297 1315 1298
1297 1314 1315
1298 1316 1299
1298 1315 1316
1299 1317 1300
1299 1316 1317
1300 1318 1301
1300 1317 1318
1301 1319 1302
1301 1318 1319
1302 1320 1303
1302 1319 1320
1303 1321 1304
1303 1320 1321
1304 1322 1305
1304 1321 1322
1305 1323 1306
1305 1322 1323
1306 1324 1307
1306 1323 1324
1307 1325 1308
1307 1324 1325
1308 1326 1309
1308 1325 1326
1309 1327 1310
1309 1326 1327
1310 1328 1311
1310 1327 1328
1311 1329 1312
1311 1328 1329
1312 1313 1296
1312 1329 1313
1313 1331 1314
1313 1330 1331
1314 1332 1315
1314 1331 1332
1315 1333 1316
1315 1332 1333
1316 1334 1317
1316 1333 1334
1317 1335 1318
1317 1334 1335
1318 1336 1319
1318 1335 1336
1319 1337 1320
1319 1336 1337
1320 1338 1321
1320 1337 1338
1321 1339 1322
1321 1338 1339
1322 1340 1323
1322 1339 1340
1323 1341 1324
1323 1340 1341
1324 1342 1325
1324 1341 1342
1325 1343 1326
1325 1342 1343
1326 1344 1327
1326 1343 1344
1327 1345 1328
1327 1344 1345
1328 1346 1329
1328 1345 1346
1329 1330 1313
1329 1346 1330
1330 1348 1331
1330 1347 1348
1331 1349 1332
1331 1348 1349
1332 1350 1333
1332 1349 1350
1333 1351 1334
1333 1350 1351
1334 1352 1335
1334 1351 1352
1335 1353 1336
1335 1352 1353
1336 1354 1337
1336 1353 1354
1337 1355 1338
1337 1354 1355
1338 1356 1339
1338 1355 1356
1339 1357 1340
1339 1356 1357
1340 1358 1341
1340 1357 1358
1341 1359 1342
1341 1358 1359
1342 1360 1343
1342 1359 1360
1343 1361 1344
1343 1360 1361
1344 1362 1345
1344 1361 1362
1345 1363 1346
1345 1362 1363
1346 1347 1330
1346 1363 1347
1347 1365 1348
1347 1364 1365
1348 1366 1349
1348 1365 1366
1349 1367 1350
1349 1366 1367
1350 1368 1351
1350 1367 1368
1351 1369 1352
1351 1368 1369
1352 1370 1353
1352 1369 1370
1353 1371 1354
1353 1370 1371
1354 1372 1355
1354 1371 1372
1355 1373 1356
1355 1372 1373
1356 1374 1357
1356 1373 1374
1357 1375 1358
1357 1374 1375
1358 1376 1359
1358 1375 1376
1359 1377 1360
1359 1376 1377
1360 1378 1361
1360 1377 1378
1361 1379 1362
1361 1378 1379
1362 1380 1363
1362 1379 1380
1363 1364 1347
1363 1380 1364
1364 1382 1365
1364 1381 1382
1365 1383 1366
1365 1382 1383
1366 1384 1367
1366 1383 1384
1367 1385 1368
1367 1384 1385
1368 1386 1369
1368 1385 1386
1369 1387 1370
1369 1386 1387
1370 1388 1371
1370 1387 1388
1371 1389 1372
1371 1388 1389
1372 1390 1373
1372 1389 1390
1373 1391 1374
1373 1390 1391
1374 1392 1375
1374 1391 1392
1375 1393 1376
1375 1392 1393
1376 1394 1377
1376 1393 1394
1377 1395 1378
1377 1394 1395
1378 1396 1379
1378 1395 1396
1379 1397 1380
1379 1396 1397
1380 1381 1364
1380 1397 1381
1381 1399 1382
1381 1398 1399
1382 1400 1383
1382 1399 1400
1383 1401 1384
1383 1400 1401
1384 1402 1385
1384 1401 1402
1385 1403 1386
1385 1402 1403
1386 1404 1387
1386 1403 1404
1387 1405 1388
1387 1404 1405
1388 1406 1389
1388 1405 1406
1389 1407 1390
1389 1406 1407
1390 1408 1391
1390 1407 1408
1391 1409 1392
1391 1408 1409
1392 1410 1393
1392 1409 1410
1393 1411 1394
1393 1410 1411
1394 1412 1395
1394 1411 1412
1395 1413 1396
1395 1412 1413
1396 1414 1397
1396 1413 1414
1397 1398 1381
1397 1414 1398
1398 1416 1399
1398 1415 1416
1399 1417 1400
1399 1416 1417
1400 1418 1401
1400 1417 1418
1401 1419 1402
1401 1418 1419
1402 1420 1403
1402 1419 1420
1403 1421 1404
1403 1420 1421
1404 1422 1405
1404 1421 1422
1405 1423 1406
1405 1422 1423
1406 1424 1407
1406 1423 1424
1407 1425 1408
1407 1424 1425
1408 1426 1409
1408 1425 1426
1409 1427 1410
1409 1426 1427
1410 1428 1411
1410 1427 1428
1411 1429 1412
1411 1428 1429
1412 1430 1413
1412 1429 1430
1413 1431 1414
1413 1430 1431
1414 1415 1398
1414 1431 1415
1415 1433 1416
1415 1432 1433
1416 1434 1417
1416 1433 1434
1417 1435 1418
1417 1434 1435
1418 1436 1419
1418 1435 1436
1419 1437 1420
1419 1436 1437
1420 1438 1421
1420 1437 1438
1421 1439 1422
1421 1438 1439
1422 1440 1423
1422 1439 1440
1423 1441 1424
1423 1440 1441
1424 1442 1425
1424 1441 1442
1425 1443 1426
1425 1442 1443
1426 1444 1427
1426 1443 1444
1427 1445 1428
1427 1444 1445
1428 1446 1429
1428 1445 1446
1429 1447 1430
1429 1446 1447
1430 1448 1431
1430 1447 1448
1431 1432 1415
1431 1448 1432
1432 1450 1433
1432 1449 1450
1433 1451 1434
1433 1450 1451
1434 1452 1435
1434 1451 1452
1435 1453 1436
1435 1452 1453
1436 1454 1437
1436 1453 1454
1437 1455 1438
1437 1454 1455
1438 1456 1439
1438 1455 1456
1439 1457 1440
1439 1456 1457
1440 1458 1441
1440 1457 1458
1441 1459 1442
1441 1458 1459
1442 1460 1443
1442 1459 1460
1443 1461 1444
1443 1460 1461
1444 1462 1445
1444 1461 1462
1445 1463 1446
1445 1462 1463
1446 1464 1447
1446 1463 1464
1447 1465 1448
1447 1464 1465
1448 1449 1432
1448 1465 1449
1449 1467 1450
1449 1466 1467
1450 1468 1451
1450 1467 1468
1451 1469 1452
1451 1468 1469
1452 1470 1453
1452 1469 1470
1453 1471 1454
1453 1470 1471
1454 1472 1455
1454 1471 1472
1455 1473 1456
1455 1472 1473
1456 1474 1457
1456 1473 1474
1457 1475 1458
1457 1474 1475
1458 1476 1459
1458 1475 1476
1459 1477 1460
1459 1476 1477
1460 1478 1461
1460 1477 1478
1461 1479 1462
1461 1478 1479
1462 1480 1463
1462 1479 1480
1463 1481 1464
1463 1480 1481
1464 1482 1465
1464 1481 1482
1465 1466 1449
1465 1482 1466
1466 1484 1467
1466 1483 1484
1467 1485 1468
1467 1484 1485
1468 1486 1469
1468 1485 1486
1469 1487 1470
1469 1486 1487
1470 1488 1471
1470 1487 1488
1471 1489 1472
1471 1488 1489
1472 1490 1473
1472 1489 1490
1473 1491 1474
1473 1490 1491
1474 1492 1475
1474 1491 1492
1475 1493 1476
1475 1492 1493
1476 1494 1477
1476 1493 1494
1477 1495 1478
1477 1494 1495
1478 1496 1479
1478 1495 1496
1479 1497 1480
1479 1496 1497
1480 1498 1481
1480 1497 1498
1481 1499 1482
1481 1498 1499
1482 1483 1466
1482 1499 1483
1501 1228 1229
1484 1483 1500
1501 1229 1230
1485 1484 1500
1501 1230 1231
1486 1485 1500
1501 1231 1232
1487 1486 1500
1501 1232 1233
1488 1487 1500
1501 1233 1234
1489 1488 1500
1501 1234 1235
1490 1489 1500
1501 1235 1236
1491 1490 1500
1501 1236 1237
1492 1491 1500
1501 1237 1238
1493 1492 1500
1501 1238 1239
1494 1493 1500
1501 1239 1240
1495 1494 1500
1501 1240 1241
1496 1495 1500
1501 1241 1242
1497 1496 1500
1501 1242 1243
1498 1497 1500
1501 1243 1244
1499 1498 1500
1501 1244 1228
1483 1499 1500
511 415 367
511 343 415
512 415 331
512 367 415
513 416 367
513 327 416
514 416 343
514 367 416
515 417 368
515 343 417
516 417 328
516 368 417
517 418 368
517 331 418
518 418 343
518 368 418
519 419 369
519 344 419
520 419 331
520 369 419
521 420 369
521 330 420
522 420 344
522 369 420
523 421 370
523 344 421
524 421 327
524 370 421
525 422 370
525 331 422
526 422 344
526 370 422
527 423 371
527 345 423
528 423 332
528 371 423
529 424 371
529 329 424
530 424 345
530 371 424
531 425 372
531 345 425
532 425 330
532 372 425
533 426 372
533 332 426
534 426 345
534 372 426
535 427 373
535 346 427
536 427 332
536 373 427
537 428 373
537 328 428
538 428 346
538 373 428
539 429 374
539 346 429
540 429 329
540 374 429
541 430 374
541 332 430
542 430 346
542 374 430
543 431 375
543 347 431
544 431 333
544 375 431
545 432 375
545 323 432
546 432 347
546 375 432
547 433 376
547 347 433
548 433 324
548 376 433
549 434 376
549 333 434
550 434 347
550 376 434
551 435 377
551 348 435
552 435 333
552 377 435
553 436 377
553 327 436
554 436 348
554 377 436
555 437 378
555 348 437
556 437 323
556 378 437
557 438 378
557 333 438
558 438 348
558 378 438
559 439 379
559 349 439
560 439 334
560 379 439
561 440 379
561 328 440
562 440 349
562 379 440
563 441 380
563 349 441
564 441 327
564 380 441
565 442 380
565 334 442
566 442 349
566 380 442
567 443 381
567 350 443
568 443 334
568 381 443
569 444 381
569 324 444
570 444 350
570 381 444
571 445 382
571 350 445
572 445 328
572 382 445
573 446 382
573 334 446
574 446 350
574 382 446
575 447 383
575 351 447
576 447 335
576 383 447
577 448 383
577 324 448
578 448 351
578 383 448
579 449 384
579 351 449
580 449 325
580 384 449
581 450 384
581 335 450
582 450 351
582 384 450
583 451 385
583 352 451
584 451 335
584 385 451
585 452 385
585 328 452
586 452 352
586 385 452
587 453 386
587 352 453
588 453 324
588 386 453
589 454 386
589 335 454
590 454 352
590 386 454
591 455 387
591 353 455
592 455 336
592 387 455
593 456 387
593 329 456
594 456 353
594 387 456
595 457 388
595 353 457
596 457 328
596 388 457
597 458 388
597 336 458
598 458 353
598 388 458
599 459 389
599 354 459
600 459 336
600 389 459
601 460 389
601 325 460
602 460 354
602 389 460
603 461 390
603 354 461
604 461 329
604 390 461
605 462 390
605 336 462
606 462 354
606 390 462
607 463 391
607 355 463
608 463 337
608 391 463
609 464 391
609 325 464
610 464 355
610 391 464
611 465 392
611 355 465
612 465 326
612 392 465
613 466 392
613 337 466
614 466 355
614 392 466
615 467 393
615 356 467
616 467 337
616 393 467
617 468 393
617 329 468
618 468 356
618 393 468
619 469 394
619 356 469
620 469 325
620 394 469
621 470 394
621 337 470
622 470 356
622 394 470
623 471 395
623 357 471
624 471 338
624 395 471
625 472 395
625 330 472
626 472 357
626 395 472
627 473 396
627 357 473
628 473 329
628 396 473
629 474 396
629 338 474
630 474 357
630 396 474
631 475 397
631 358 475
632 475 338
632 397 475
633 476 397
633 326 476
634 476 358
634 397 476
635 477 398
635 358 477
636 477 330
636 398 477
637 478 398
637 338 478
638 478 358
638 398 478
639 479 399
639 359 479
640 479 339
640 399 479
641 480 399
641 326 480
642 480 359
642 399 480
643 481 400
643 359 481
644 481 323
644 400 481
645 482 400
645 339 482
646 482 359
646 400 482
647 483 401
647 360 483
648 483 339
648 401 483
649 484 401
649 330 484
650 484 360
650 401 484
651 485 402
651 360 485
652 485 326
652 402 485
653 486 402
653 339 486
654 486 360
654 402 486
655 487 403
655 361 487
656 487 340
656 403 487
657 488 403
657 327 488
658 488 361
658 403 488
659 489 404
659 361 489
660 489 330
660 404 489
661 490 404
661 340 490
662 490 361
662 404 490
663 491 405
663 362 491
664 491 340
664 405 491
665 492 405
665 323 492
666 492 362
666 405 492
667 493 406
667 362 493
668 493 327
668 406 493
669 494 406
669 340 494
670 494 362
670 406 494
671 495 407
671 363 495
672 495 341
672 407 495
673 496 407
673 324 496
674 496 363
674 407 496
675 497 408
675 363 497
676 497 323
676 408 497
677 498 408
677 341 498
678 498 363
678 408 498
679 499 409
679 364 499
680 499 341
680 409 499
681 500 409
681 325 500
682 500 364
682 409 500
683 501 410
683 364 501
684 501 324
684 410 501
685 502 410
685 341 502
686 502 364
686 410 502
687 503 411
687 365 503
688 503 342
688 411 503
689 504 411
689 326 504
690 504 365
690 411 504
691 505 412
691 365 505
692 505 325
692 412 505
693 506 412
693 342 506
694 506 365
694 412 506
695 507 413
695 366 507
696 507 342
696 413 507
697 508 413
697 323 508
698 508 366
698 413 508
699 509 414
699 366 509
700 509 326
700 414 509
701 510 414
701 342 510
702 510 366
702 414 510
1503 1502 1549
1504 1503 1549
1505 1504 1549
1506 1505 1549
1507 1506 1549
1508 1507 1549
1509 1508 1549
1510 1509 1549
1511 1510 1549
1512 1511 1549
1513 1512 1549
1514 1513 1549
1515 1514 1549
1516 1515 1549
1517 1516 1549
1518 1517 1549
1519 1518 1549
1520 1519 1549
1521 1520 1549
1522 1521 1549
1523 1522 1549
1524 1523 1549
1525 1524 1549
1526 1525 1549
1527 1526 1549
1528 1527 1549
1529 1528 1549
1530 1529 1549
1531 1530 1549
1532 1531 1549
1533 1532 1549
1534 1533 1549
1535 1534 1549
1536 1535 1549
1537 1536 1549
1538 1537 1549
1539 1538 1549
1540 1539 1549
1541 1540 1549
1542 1541 1549
1543 1542 1549
1544 1543 1549
1545 1544 1549
1546 1545 1549
1547 1546 1549
1548 1547 1549
1502 1548 1549
1502 1503 1550
1503 1504 1550
1504 1505 1550
1505 1506 1550
1506 1507 1550
1507 1508 1550
1508 1509 1550
1509 1510 1550
1510 1511 1550
1511 1512 1550
1512 1513 1550
1513 1514 1550
1514 1515 1550
1515 1516 1550
1516 1517 1550
1517 1518 1550
1518 1519 1550
1519 1520 1550
1520 1521 1550
1521 1522 1550
1522 1523 1550
1523 1524 1550
1524 1525 1550
1525 1526 1550
1526 1527 1550
1527 1528 1550
1528 1529 1550
1529 1530 1550
1530 1531 1550
1531 1532 1550
1532 1533 1550
1533 1534 1550
1534 1535 1550
1535 1536 1550
1536 1537 1550
1537 1538 1550
1538 1539 1550
1539 1540 1550
1540 1541 1550
1541 1542 1550
1542 1543 1550
1543 1544 1550
1544 1545 1550
1545 1546 1550
1546 1547 1550
1547 1548 1550
1548 1502 1550
987 891 843
987 819 891
988 891 807
988 843 891
989 892 843
989 803 892
990 892 819
990 843 892
991 893 844
991 819 893
992 893 804
992 844 893
993 894 844
993 807 894
994 894 819
994 844 894
995 895 845
995 820 895
996 895 807
996 845 895
997 896 845
997 806 896
998 896 820
998 845 896
999 897 846
999 820 897
1000 897 803
1000 846 897
1001 898 846
1001 807 898
1002 898 820
1002 846 898
1003 899 847
1003 821 899
1004 899 808
1004 847 899
1005 900 847
1005 805 900
1006 900 821
1006 847 900
1007 901 848
1007 821 901
1008 901 806
1008 848 901
1009 902 848
1009 808 902
1010 902 821
1010 848 902
1011 903 849
1011 822 903
1012 903 808
1012 849 903
1013 904 849
1013 804 904
1014 904 822
1014 849 904
1015 905 850
1015 822 905
1016 905 805
1016 850 905
1017 906 850
1017 808 906
1018 906 822
1018 850 906
1019 907 851
1019 823 907
1020 907 809
1020 851 907
1021 908 851
1021 799 908
1022 908 823
1022 851 908
1023 909 852
1023 823 909
1024 909 800
1024 852 909
1025 910 852
1025 809 910
1026 910 823
1026 852 910
1027 911 853
1027 824 911
1028 911 809
1028 853 911
1029 912 853
1029 803 912
1030 912 824
1030 853 912
1031 913 854
1031 824 913
1032 913 799
1032 854 913
1033 914 854
1033 809 914
1034 914 824
1034 854 914
1035 915 855
1035 825 915
1036 915 810
1036 855 915
1037 916 855
1037 804 916
1038 916 825
1038 855 916
1039 917 856
1039 825 917
1040 917 803
1040 856 917
1041 918 856
1041 810 918
1042 918 825
1042 856 918
1043 919 857
1043 826 919
1044 919 810
1044 857 919
1045 920 857
1045 800 920
1046 920 826
1046 857 920
1047 921 858
1047 826 921
1048 921 804
1048 858 921
1049 922 858
1049 810 922
1050 922 826
1050 858 922
1051 923 859
1051 827 923
1052 923 811
1052 859 923
1053 924 859
1053 800 924
1054 924 827
1054 859 924
1055 925 860
1055 827 925
1056 925 801
1056 860 925
1057 926 860
1057 811 926
1058 926 827
1058 860 926
1059 927 861
1059 828 927
1060 927 811
1060 861 927
1061 928 861
1061 804 928
1062 928 828
1062 861 928
1063 929 862
1063 828 929
1064 929 800
1064 862 929
1065 930 862
1065 811 930
1066 930 828
1066 862 930
1067 931 863
1067 829 931
1068 931 812
1068 863 931
1069 932 863
1069 805 932
1070 932 829
1070 863 932
1071 933 864
1071 829 933
1072 933 804
1072 864 933
1073 934 864
1073 812 934
1074 934 829
1074 864 934
1075 935 865
1075 830 935
1076 935 812
1076 865 935
1077 936 865
1077 801 936
1078 936 830
1078 865 936
1079 937 866
1079 830 937
1080 937 805
1080 866 937
1081 938 866
1081 812 938
1082 938 830
1082 866 938
1083 939 867
1083 831 939
1084 939 813
1084 867 939
1085 940 867
1085 801 940
1086 940 831
1086 867 940
1087 941 868
1087 831 941
1088 941 802
1088 868 941
1089 942 868
1089 813 942
1090 942 831
1090 868 942
1091 943 869
1091 832 943
1092 943 813
1092 869 943
1093 944 869
1093 805 944
1094 944 832
1094 869 944
1095 945 870
1095 832 945
1096 945 801
1096 870 945
1097 946 870
1097 813 946
1098 946 832
1098 870 946
1099 947 871
1099 833 947
1100 947 814
1100 871 947
1101 948 871
1101 806 948
1102 948 833
1102 871 948
1103 949 872
1103 833 949
1104 949 805
1104 872 949
1105 950 872
1105 814 950
1106 950 833
1106 872 950
1107 951 873
1107 834 951
1108 951 814
1108 873 951
1109 952 873
1109 802 952
1110 952 834
1110 873 952
1111 953 874
1111 834 953
1112 953 806
1112 874 953
1113 954 874
1113 814 954
1114 954 834
1114 874 954
1115 955 875
1115 835 955
1116 955 815
1116 875 955
1117 956 875
1117 802 956
1118 956 835
1118 875 956
1119 957 876
1119 835 957
1120 957 799
1120 876 957
1121 958 876
1121 815 958
1122 958 835
1122 876 958
1123 959 877
1123 836 959
1124 959 815
1124 877 959
1125 960 877
1125 806 960
1126 960 836
1126 877 960
1127 961 878
1127 836 961
1128 961 802
1128 878 961
1129 962 878
1129 815 962
1130 962 836
1130 878 962
1131 963 879
1131 837 963
1132 963 816
1132 879 963
1133 964 879
1133 803 964
1134 964 837
1134 879 964
1135 965 880
1135 837 965
1136 965 806
1136 880 965
1137 966 880
1137 816 966
1138 966 837
1138 880 966
1139 967 881
1139 838 967
1140 967 816
1140 881 967
1141 968 881
1141 799 968
1142 968 838
1142 881 968
1143 969 882
1143 838 969
1144 969 803
1144 882 969
1145 970 882
1145 816 970
1146 970 838
1146 882 970
1147 971 883
1147 839 971
1148 971 817
1148 883 971
1149 972 883
1149 800 972
1150 972 839
1150 883 972
1151 973 884
1151 839 973
1152 973 799
1152 884 973
1153 974 884
1153 817 974
1154 974 839
1154 884 974
1155 975 885
1155 840 975
1156 975 817
1156 885 975
1157 976 885
1157 801 976
1158 976 840
1158 885 976
1159 977 886
1159 840 977
1160 977 800
1160 886 977
1161 978 886
1161 817 978
1162 978 840
1162 886 978
1163 979 887
1163 841 979
1164 979 818
1164 887 979
1165 980 887
1165 802 980
1166 980 841
1166 887 980
1167 981 888
1167 841 981
1168 981 801
1168 888 981
1169 982 888
1169 818 982
1170 982 841
1170 888 982
1171 983 889
1171 842 983
1172 983 818
1172 889 983
1173 984 889
1173 799 984
1174 984 842
1174 889 984
1175 985 890
1175 842 985
1176 985 802
1176 890 985
1177 986 890
1177 818 986
1178 986 842
1178 890 986
275 274 321
276 275 321
277 276 321
278 277 321
279 278 321
280 279 321
281 280 321
282 281 321
283 282 321
284 283 321
285 284 321
286 285 321
287 286 321
288 287 321
289 288 321
290 289 321
291 290 321
292 291 321
293 292 321
294 293 321
295 294 321
296 295 321
297 296 321
298 297 321
299 298 321
300 299 321
301 300 321
302 301 321
303 302 321
304 303 321
305 304 321
306 305 321
307 306 321
308 307 321
309 308 321
310 309 321
311 310 321
312 311 321
313 312 321
314 313 321
315 314 321
316 315 321
317 316 321
318 317 321
319 318 321
320 319 321
274 320 321
274 275 322
275 276 322
276 277 322
277 278 322
278 279 322
279 280 322
280 281 322
281 282 322
282 283 322
283 284 322
284 285 322
285 286 322
286 287 322
287 288 322
288 289 322
289 290 322
290 291 322
291 292 322
292 293 322
293 294 322
294 295 322
295 296 322
296 297 322
297 298 322
298 299 322
299 300 322
300 301 322
301 302 322
302 303 322
303 304 322
304 305 322
305 306 322
306 307 322
307 308 322
308 309 322
309 310 322
310 311 322
311 312 322
312 313 322
313 314 322
314 315 322
315 316 322
316 317 322
317 318 322
318 319 322
319 320 322
320 274 322
0 18 1
0 17 18
1 19 2
1 18 19
2 20 3
2 19 20
3 21 4
3 20 21
4 22 5
4 21 22
5 23 6
5 22 23
6 24 7
6 23 24
7 25 8
7 24 25
8 26 9
8 25 26
9 27 10
9 26 27
10 28 11
10 27 28
11 29 12
11 28 29
12 30 13
12 29 30
13 31 14
13 30 31
14 32 15
14 31 32
15 33 16
15 32 33
16 17 0
16 33 17
17 35 18
17 34 35
18 36 19
18 35 36
19 37 20
19 36 37
20 38 21
20 37 38
21 39 22
21 38 39
22 40 23
22 39 40
23 41 24
23 40 41
24 42 25
24 41 42
25 43 26
25 42 43
26 44 27
26 43 44
27 45 28
27 44 45
28 46 29
28 45 46
29 47 30
29 46 47
30 48 31
30 47 48
31 49 32
31 48 49
32 50 33
32 49 50
33 34 17
33 50 34
34 52 35
34 51 52
35 53 36
35 52 53
36 54 37
36 53 54
37 55 38
37 54 55
38 56 39
38 55 56
39 57 40
39 56 57
40 58 41
40 57 58
41 59 42
41 58 59
42 60 43
42 59 60
43 61 44
43 60 61
44 62 45
44 61 62
45 63 46
45 62 63
46 64 47
46 63 64
47 65 48
47 64 65
48 66 49
48 65 66
49 67 50
49 66 67
50 51 34
50 67 51
51 69 52
51 68 69
52 70 53
52 69 70
53 71 54
53 70 71
54 72 55
54 71 72
55 73 56
55 72 73
56 74 57
56 73 74
57 75 58
57 74 75
58 76 59
58 75 76
59 77 60
59 76 77
60 78 61
60 77 78
61 79 62
61 78 79
62 80 63
62 79 80
63 81 64
63 80 81
64 82 65
64 81 82
65 83 66
65 82 83
66 84 67
66 83 84
67 68 51
67 84 68
68 86 69
68 85 86
69 87 70
69 86 87
70 88 71
70 87 88
71 89 72
71 88 89
72 90 73
72 89 90
73 91 74
73 90 91
74 92 75
74 91 92
75 93 76
75 92 93
76 94 77
76 93 94
77 95 78
77 94 95
78 96 79
78 95 96
79 97 80
79 96 97
80 98 81
80 97 98
81 99 82
81 98 99
82 100 83
82 99 100
83 101 84
83 100 101
84 85 68
84 101 85
85 103 86
85 102 103
86 104 87
86 103 104
87 105 88
87 104 105
88 106 89
88 105 106
89 107 90
89 106 107
90 108 91
90 107 108
91 109 92
91 108 109
92 110 93
92 109 110
93 111 94
93 110 111
94 112 95
94 111 112
95 113 96
95 112 113
96 114 97
96 113 114
97 115 98
97 114 115
98 116 99
98 115 116
99 117 100
99 116 117
100 118 101
100 117 118
101 102 85
101 118 102
102 120 103
102 119 120
103 121 104
103 120 121
104 122 105
104 121 122
105 123 106
105 122 123
106 124 107
106 123 124
107 125 108
107 124 125
108 126 109
108 125 126
109 127 110
109 126 127
110 128 111
110 127 128
111 129 112
111 128 129
112 130 113
112 129 130
113 131 114
113 130 131
114 132 115
114 131 132
115 133 116
115 132 133
116 134 117
116 133 134
117 135 118
117 134 135
118 119 102
118 135 119
119 137 120
119 136 137
120 138 121
120 137 138
121 139 122
121 138 139
122 140 123
122 139 140
123 141 124
123 140 141
124 142 125
124 141 142
125 143 126
125 142 143
126 144 127
126 143 144
127 145 128
127 144 145
128 146 129
128 145 146
129 147 130
129 146 147
130 148 131
130 147 148
131 149 132
131 148 149
132 150 133
132 149 150
133 151 134
133 150 151
134 152 135
134 151 152
135 136 119
135 152 136
136 154 137
136 153 154
137 155 138
137 154 155
138 156 139
138 155 156
139 157 140
139 156 157
140 158 141
140 157 158
141 159 142
141 158 159
142 160 143
142 159 160
143 161 144
143 160 161
144 162 145
144 161 162
145 163 146
145 162 163
146 164 147
146 163 164
147 165 148
147 164 165
148 166 149
148 165 166
149 167 150
149 166 167
150 168 151
150 167 168
151 169 152
151 168 169
152 153 136
152 169 153
153 171 154
153 170 171
154 172 155
154 171 172
155 173 156
155 172 173
156 174 157
156 173 174
157 175 158
157 174 175
158 176 159
158 175 176
159 177 160
159 176 177
160 178 161
160 177 178
161 179 162
161 178 179
162 180 163
162 179 180
163 181 164
163 180 181
164 182 165
164 181 182
165 183 166
165 182 183
166 184 167
166 183 184
167 185 168
167 184 185
168 186 169
168 185 186
169 170 153
169 186 170
170 188 171
170 187 188
171 189 172
171 188 189
172 190 173
172 189 190
173 191 174
173 190 191
174 192 175
174 191 192
175 193 176
175 192 193
176 194 177
176 193 194
177 195 178
177 194 195
178 196 179
178 195 196
179 197 180
179 196 197
180 198 181
180 197 198
181 199 182
181 198 199
182 200 183
182 199 200
183 201 184
183 200 201
184 202 185
184 201 202
185 203 186
185 202 203
186 187 170
186 203 187
187 205 188
187 204 205
188 206 189
188 205 206
189 207 190
189 206 207
190 208 191
190 207 208
191 209 192
191 208 209
192 210 193
192 209 210
193 211 194
193 210 211
194 212 195
194 211 212
195 213 196
195 212 213
196 214 197
196 213 214
197 215 198
197 214 215
198 216 199
198 215 216
199 217 200
199 216 217
200 218 201
200 217 218
201 219 202
201 218 219
202 220 203
202 219 220
203 204 187
203 220 204
204 222 205
204 221 222
205 223 206
205 222 223
206 224 207
206 223 224
207 225 208
207 224 225
208 226 209
208 225 226
209 227 210
209 226 227
210 228 211
210 227 228
211 229 212
211 228 229
212 230 213
212 229 230
213 231 214
213 230 231
214 232 215
214 231 232
215 233 216
215 232 233
216 234 217
216 233 234
217 235 218
217 234 235
218 236 219
218 235 236
219 237 220
219 236 237
220 221 204
220 237 221
221 239 222
221 238 239
222 240 223
222 239 240
223 241 224
223 240 241
224 242 225
224 241 242
225 243 226
225 242 243
226 244 227
226 243 244
227 245 228
227 244 245
228 246 229
228 245 246
229 247 230
229 246 247
230 248 231
230 247 248
231 249 232
231 248 249
232 250 233
232 249 250
233 251 234
233 250 251
234 252 235
234 251 252
235 253 236
235 252 253
236 254 237
236 253 254
237 238 221
237 254 238
238 256 239
238 255 256
239 257 240
239 256 257
240 258 241
240 257 258
241 259 242
241 258 259
242 260 243
242 259 260
243 261 244
243 260 261
244 262 245
244 261 262
245 263 246
245 262 263
246 264 247
246 263 264
247 265 248
247 264 265
248 266 249
248 265 266
249 267 250
249 266 267
250 268 251
250 267 268
251 269 252
251 268 269
252 270 253
252 269 270
253 271 254
253 270 271
254 255 238
254 271 255
273 0 1
256 255 272
273 1 2
257 256 272
273 2 3
258 257 272
273 3 4
259 258 272
273 4 5
260 259 272
273 5 6
261 260 272
273 6 7
262 261 272
273 7 8
263 262 272
273 8 9
264 263 272
273 9 10
265 264 272
273 10 11
266 265 272
273 11 12
267 266 272
273 12 13
268 267 272
273 13 14
269 268 272
273 14 15
270 269 272
273 15 16
271 270 272
273 16 0
255 271 272
704 706 798
705 703 797
706 708 798
707 705 797
708 710 798
709 707 797
710 712 798
711 709 797
712 714 798
713 711 797
714 716 798
715 713 797
716 718 798
717 715 797
718 720 798
719 717 797
720 722 798
721 719 797
722 724 798
723 721 797
724 726 798
725 723 797
726 728 798
727 725 797
728 730 798
729 727 797
730 732 798
731 729 797
732 734 798
733 731 797
734 736 798
735 733 797
736 738 798
737 735 797
738 740 798
739 737 797
740 742 798
741 739 797
742 744 798
743 741 797
744 746 798
745 743 797
746 748 798
747 745 797
748 750 798
749 747 797
750 752 798
751 749 797
752 754 798
753 751 797
754 756 798
755 753 797
756 758 798
757 755 797
758 760 798
759 757 797
760 762 798
761 759 797
762 764 798
763 761 797
764 766 798
765 763 797
766 768 798
767 765 797
768 770 798
769 767 797
770 772 798
771 769 797
772 774 798
773 771 797
774 776 798
775 773 797
776 778 798
777 775 797
778 780 798
779 777 797
780 782 798
781 779 797
782 784 798
783 781 797
784 786 798
785 783 797
786 788 798
787 785 797
788 790 798
789 787 797
790 792 798
791 789 797
792 794 798
793 791 797
794 796 798
795 793 797
796 704 798
703 795 797
703 705 704
705 706 704
705 707 706
707 708 706
707 709 708
709 710 708
709 711 710
711 712 710
711 713 712
713 714 712
713 715 714
715 716 714
715 717 716
717 718 716
717 719 718
719 720 718
719 721 720
721 722 720
721 723 722
723 724 722
723 725 724
725 726 724
725 727 726
727 728 726
727 729 728
729 730 728
729 731 730
731 732 730
731 733 732
733 734 732
733 735 734
735 736 734
735 737 736
737 738 736
737 739 738
739 740 738
739 741 740
741 742 740
741 743 742
743 744 742
743 745 744
745 746 744
745 747 746
747 748 746
747 749 748
749 750 748
749 751 750
751 752 750
751 753 752
753 754 752
753 755 754
755 756 754
755 757 756
757 758 756
757 759 758
759 760 758
759 761 760
761 762 760
761 763 762
763 764 762
763 765 764
765 766 764
765 767 766
767 768 766
767 769 768
769 770 768
769 771 770
771 772 770
771 773 772
773 774 772
773 775 774
775 776 774
775 777 776
777 778 776
777 779 778
779 780 778
779 781 780
781 782 780
781 783 782
783 784 782
783 785 784
785 786 784
785 787 786
787 788 786
787 789 788
789 790 788
789 791 790
791 792 790
791 793 792
793 794 792
793 795 794
795 796 794
795 703 796
703 704 796


// części
parts_count 8
5 5 5 5 5 5 5 5 5 5 5 5 5 5 5 5 5 5 5 5 5 5 5 5 5 5 5 5 5 5 5 5 5 5 5 5 5 5 5 5 5 5 5 5 5 5 5 5 5 5 5 5 5 5 5 5 5 5 5 5 5 5 5 5 5 5 5 5 5 5 5 5 5 5 5 5 5 5 5 5 5 5 5 5 5 5 5 5 5 5 5 5 5 5 6 6 6 6 6 6 6 6 6 6 6 6 6 6 6 6 6 6 6 6 6 6 6 6 6 6 6 6 6 6 6 6 6 6 6 6 6 6 6 6 6 6 6 6 6 6 6 6 6 6 6 6 6 6 6 6 6 6 6 6 6 6 6 6 6 6 6 6 6 6 6 6 6 6 6 6 6 6 6 6 6 6 6 6 6 6 6 6 6 6 6 6 6 6 6 6 6 6 6 6 6 6 6 6 6 6 6 6 6 6 6 6 6 6 6 6 6 6 6 6 6 6 6 6 6 6 6 6 6 6 6 6 6 6 6 6 6 6 6 6 6 6 6 6 6 6 6 6 6 6 6 6 6 6 6 6 6 6 6 6 6 6 6 6 6 6 6 6 6 6 6 6 6 6 6 6 6 6 6 6 6 6 6 6 6 6 6 6 6 6 6 6 6 6 6 6 6 6 6 6 6 6 6 6 6 6 6 6 6 6 6 6 6 6 6 6 6 6 6 6 6 6 6 6 6 6 6 6 6 6 6 6 6 6 6 6 6 6 6 6 6 6 6 6 6 6 6 6 6 6 6 6 6 6 6 6 6 6 6 6 6 6 6 6 6 6 6 6 6 6 6 6 6 6 6 6 6 6 6 6 6 6 6 6 6 6 6 6 6 6 6 6 6 6 6 6 6 6 6 6 6 6 6 6 6 6 6 6 6 6 6 6 6 6 6 6 6 6 6 6 6 6 6 6 6 6 6 6 6 6 6 6 6 6 6 6 6 6 6 6 6 6 6 6 6 6 6 6 6 6 6 6 6 6 6 6 6 6 6 6 6 6 6 6 6 6 6 6 6 6 6 6 6 6 6 6 6 6 6 6 6 6 6 6 6 6 6 6 6 6 6 6 6 6 6 6 6 6 6 6 6 6 6 6 6 6 6 6 6 6 6 6 6 6 6 6 6 6 6 6 6 6 6 6 6 6 6 6 6 6 6 6 6 6 6 6 6 6 6 6 6 6 6 6 6 6 6 6 6 6 6 6 6 6 6 6 6 6 6 6 6 6 6 6 6 6 6 6 6 6 6 6 6 6 6 6 6 6 6 6 6 6 6 6 6 6 6 6 6 6 6 6 6 6 6 6 6 6 6 6 6 6 6 6 6 6 6 6 6 6 6 6 6 6 6 6 6 6 6 6 6 6 6 6 6 6 6 6 6 6 6 6 6 6 6 6 6 6 6 6 6 6 6 6 2 2 2 2 2 2 2 2 2 2 2 2 2 2 2 2 2 2 2 2 2 2 2 2 2 2 2 2 2 2 2 2 2 2 2 2 2 2 2 2 2 2 2 2 2 2 2 2 2 2 2 2 2 2 2 2 2 2 2 2 2 2 2 2 2 2 2 2 2 2 2 2 2 2 2 2 2 2 2 2 2 2 2 2 2 2 2 2 2 2 2 2 2 2 2 2 2 2 2 2 2 2 2 2 2 2 2 2 2 2 2 2 2 2 2 2 2 2 2 2 2 2 2 2 2 2 2 2 2 2 2 2 2 2 2 2 2 2 2 2 2 2 2 2 2 2 2 2 2 2 2 2 2 2 2 2 2 2 2 2 2 2 2 2 2 2 2 2 2 2 2 2 2 2 2 2 2 2 2 2 2 2 2 2 2 2 2 2 2 2 2 2 2 2 2 2 2 2 2 2 2 2 2 2 2 2 2 2 2 2 2 2 2 2 2 2 2 2 2 2 2 2 2 2 2 2 2 2 2 2 2 2 2 2 2 2 2 2 2 2 2 2 2 2 2 2 2 2 2 2 2 2 2 2 2 2 2 2 2 2 2 2 2 2 2 2 2 2 2 2 2 2 2 2 2 2 2 2 2 2 2 2 2 2 2 2 2 2 2 2 2 2 2 2 2 2 2 2 2 2 2 2 2 2 2 2 2 2 2 2 2 2 2 2 2 2 2 2 2 2 2 2 2 2 2 2 2 2 2 2 2 2 2 2 2 2 2 2 2 2 2 2 2 2 2 2 2 2 2 2 2 2 2 2 2 2 2 2 2 2 2 2 2 2 2 2 2 2 2 2 2 2 2 2 2 2 2 2 2 2 2 2 2 2 7 7 7 7 7 7 7 7 7 7 7 7 7 7 7 7 7 7 7 7 7 7 7 7 7 7 7 7 7 7 7 7 7 7 7 7 7 7 7 7 7 7 7 7 7 7 7 7 7 7 7 7 7 7 7 7 7 7 7 7 7 7 7 7 7 7 7 7 7 7 7 7 7 7 7 7 7 7 7 7 7 7 7 7 7 7 7 7 7 7 7 7 7 7 4 4 4 4 4 4 4 4 4 4 4 4 4 4 4 4 4 4 4 4 4 4 4 4 4 4 4 4 4 4 4 4 4 4 4 4 4 4 4 4 4 4 4 4 4 4 4 4 4 4 4 4 4 4 4 4 4 4 4 4 4 4 4 4 4 4 4 4 4 4 4 4 4 4 4 4 4 4 4 4 4 4 4 4 4 4 4 4 4 4 4 4 4 4 4 4 4 4 4 4 4 4 4 4 4 4 4 4 4 4 4 4 4 4 4 4 4 4 4 4 4 4 4 4 4 4 4 4 4 4 4 4 4 4 4 4 4 4 4 4 4 4 4 4 4 4 4 4 4 4 4 4 4 4 4 4 4 4 4 4 4 4 4 4 4 4 4 4 4 4 4 4 4 4 4 4 4 4 4 4 4 4 4 4 4 4 4 4 4 4 4 4 4 4 4 4 4 4 4 4 4 4 4 4 4 4 4 4 4 4 4 4 4 4 4 4 4 4 4 4 4 4 4 4 4 4 4 4 4 4 4 4 4 4 4 4 4 4 4 4 4 4 4 4 4 4 4 4 4 4 4 4 4 4 4 4 4 4 4 4 4 4 4 4 4 4 4 4 4 4 4 4 4 4 4 4 4 4 4 4 4 4 4 4 4 4 4 4 4 4 4 4 4 4 4 4 4 4 4 4 4 4 4 4 4 4 4 4 4 4 4 4 4 4 4 4 4 4 4 4 4 4 4 4 4 4 4 4 4 4 4 4 4 4 4 4 4 4 4 4 4 4 4 4 4 4 4 4 4 4 4 4 4 4 4 4 4 4 4 4 4 4 4 4 4 4 4 4 4 4 4 4 4 4 4 4 4 4 4 4 4 4 4 4 1 1 1 1 1 1 1 1 1 1 1 1 1 1 1 1 1 1 1 1 1 1 1 1 1 1 1 1 1 1 1 1 1 1 1 1 1 1 1 1 1 1 1 1 1 1 1 1 1 1 1 1 1 1 1 1 1 1 1 1 1 1 1 1 1 1 1 1 1 1 1 1 1 1 1 1 1 1 1 1 1 1 1 1 1 1 1 1 1 1 1 1 1 1 0 0 0 0 0 0 0 0 0 0 0 0 0 0 0 0 0 0 0 0 0 0 0 0 0 0 0 0 0 0 0 0 0 0 0 0 0 0 0 0 0 0 0 0 0 0 0 0 0 0 0 0 0 0 0 0 0 0 0 0 0 0 0 0 0 0 0 0 0 0 0 0 0 0 0 0 0 0 0 0 0 0 0 0 0 0 0 0 0 0 0 0 0 0 0 0 0 0 0 0 0 0 0 0 0 0 0 0 0 0 0 0 0 0 0 0 0 0 0 0 0 0 0 0 0 0 0 0 0 0 0 0 0 0 0 0 0 0 0 0 0 0 0 0 0 0 0 0 0 0 0 0 0 0 0 0 0 0 0 0 0 0 0 0 0 0 0 0 0 0 0 0 0 0 0 0 0 0 0 0 0 0 0 0 0 0 0 0 0 0 0 0 0 0 0 0 0 0 0 0 0 0 0 0 0 0 0 0 0 0 0 0 0 0 0 0 0 0 0 0 0 0 0 0 0 0 0 0 0 0 0 0 0 0 0 0 0 0 0 0 0 0 0 0 0 0 0 0 0 0 0 0 0 0 0 0 0 0 0 0 0 0 0 0 0 0 0 0 0 0 0 0 0 0 0 0 0 0 0 0 0 0 0 0 0 0 0 0 0 0 0 0 0 0 0 0 0 0 0 0 0 0 0 0 0 0 0 0 0 0 0 0 0 0 0 0 0 0 0 0 0 0 0 0 0 0 0 0 0 0 0 0 0 0 0 0 0 0 0 0 0 0 0 0 0 0 0 0 0 0 0 0 0 0 0 0 0 0 0 0 0 0 0 0 0 0 0 0 0 0 0 0 0 0 0 0 0 0 0 0 0 0 0 0 0 0 0 0 0 0 0 0 0 0 0 0 0 0 0 0 0 0 0 0 0 0 0 0 0 0 0 0 0 0 0 0 0 0 0 0 0 0 0 0 0 0 0 0 0 0 0 0 0 0 0 0 0 0 0 0 0 0 0 0 0 0 0 0 0 0 0 0 0 0 0 0 0 0 0 0 0 0 0 0 0 0 0 0 0 0 0 0 0 0 0 0 0 0 0 0 0 0 0 0 0 0 0 0 0 0 0 0 0 0 0 0 0 0 0 0 0 0 0 0 0 0 0 0 0 0 0 0 0 0 0 0 0 0 0 0 0 0 0 0 0 0 0 0 0 0 0 0 0 0 0 0 0 0 0 0 0 0 0 0 3 3 3 3 3 3 3 3 3 3 3 3 3 3 3 3 3 3 3 3 3 3 3 3 3 3 3 3 3 3 3 3 3 3 3 3 3 3 3 3 3 3 3 3 3 3 3 3 3 3 3 3 3 3 3 3 3 3 3 3 3 3 3 3 3 3 3 3 3 3 3 3 3 3 3 3 3 3 3 3 3 3 3 3 3 3 3 3 3 3 3 3 3 3 3 3 3 3 3 3 3 3 3 3 3 3 3 3 3 3 3 3 3 3 3 3 3 3 3 3 3 3 3 3 3 3 3 3 3 3 3 3 3 3 3 3 3 3 3 3 3 3 3 3 3 3 3 3 3 3 3 3 3 3 3 3 3 3 3 3 3 3 3 3 3 3 3 3 3 3 3 3 3 3 3 3 3 3 3 3 3 3 3 3 3 3 3 3 


// materiały
materials_count 1

mat_name default
rgb 0.6 0.95 0.5
kdCr 1
kdCg 1
kdCb 1
ksCr 1
ksCg 1
ksCb 1
krCr 1
krCg 1
krCb 1
kaCr 1
kaCg 1
kaCb 1
g 1
n 1


// przypisanie materiałów
0 default
1 default
2 default
3 default
4 default
5 default
6 default
7 default


// światła
lights_count 0


// kamery
cams_count 0
active 0


// hierarchia
node_count 8

hier_type Mesh
hier_name Stozek
triangle_count 94
0 1 2 3 4 5 6 7 8 9 10 11 12 13 14 15 16 17 18 19 20 21 22 23 24 25 26 27 28 29 30 31 32 33 34 35 36 37 38 39 40 41 42 43 44 45 46 47 48 49 50 51 52 53 54 55 56 57 58 59 60 61 62 63 64 65 66 67 68 69 70 71 72 73 74 75 76 77 78 79 80 81 82 83 84 85 86 87 88 89 90 91 92 93 

hier_type Mesh
hier_name Kula
triangle_count 544
94 95 96 97 98 99 100 101 102 103 104 105 106 107 108 109 110 111 112 113 114 115 116 117 118 119 120 121 122 123 124 125 126 127 128 129 130 131 132 133 134 135 136 137 138 139 140 141 142 143 144 145 146 147 148 149 150 151 152 153 154 155 156 157 158 159 160 161 162 163 164 165 166 167 168 169 170 171 172 173 174 175 176 177 178 179 180 181 182 183 184 185 186 187 188 189 190 191 192 193 194 195 196 197 198 199 200 201 202 203 204 205 206 207 208 209 210 211 212 213 214 215 216 217 218 219 220 221 222 223 224 225 226 227 228 229 230 231 232 233 234 235 236 237 238 239 240 241 242 243 244 245 246 247 248 249 250 251 252 253 254 255 256 257 258 259 260 261 262 263 264 265 266 267 268 269 270 271 272 273 274 275 276 277 278 279 280 281 282 283 284 285 286 287 288 289 290 291 292 293 294 295 296 297 298 299 300 301 302 303 304 305 306 307 308 309 310 311 312 313 314 315 316 317 318 319 320 321 322 323 324 325 326 327 328 329 330 331 332 333 334 335 336 337 338 339 340 341 342 343 344 345 346 347 348 349 350 351 352 353 354 355 356 357 358 359 360 361 362 363 364 365 366 367 368 369 370 371 372 373 374 375 376 377 378 379 380 381 382 383 384 385 386 387 388 389 390 391 392 393 394 395 396 397 398 399 400 401 402 403 404 405 406 407 408 409 410 411 412 413 414 415 416 417 418 419 420 421 422 423 424 425 426 427 428 429 430 431 432 433 434 435 436 437 438 439 440 441 442 443 444 445 446 447 448 449 450 451 452 453 454 455 456 457 458 459 460 461 462 463 464 465 466 467 468 469 470 471 472 473 474 475 476 477 478 479 480 481 482 483 484 485 486 487 488 489 490 491 492 493 494 495 496 497 498 499 500 501 502 503 504 505 506 507 508 509 510 511 512 513 514 515 516 517 518 519 520 521 522 523 524 525 526 527 528 529 530 531 532 533 534 535 536 537 538 539 540 541 542 543 544 545 546 547 548 549 550 551 552 553 554 555 556 557 558 559 560 561 562 563 564 565 566 567 568 569 570 571 572 573 574 575 576 577 578 579 580 581 582 583 584 585 586 587 588 589 590 591 592 593 594 595 596 597 598 599 600 601 602 603 604 605 606 607 608 609 610 611 612 613 614 615 616 617 618 619 620 621 622 623 624 625 626 627 628 629 630 631 632 633 634 635 636 637 

hier_type Mesh
hier_name Szescian
triangle_count 384
638 639 640 641 642 643 644 645 646 647 648 649 650 651 652 653 654 655 656 657 658 659 660 661 662 663 664 665 666 667 668 669 670 671 672 673 674 675 676 677 678 679 680 681 682 683 684 685 686 687 688 689 690 691 692 693 694 695 696 697 698 699 700 701 702 703 704 705 706 707 708 709 710 711 712 713 714 715 716 717 718 719 720 721 722 723 724 725 726 727 728 729 730 731 732 733 734 735 736 737 738 739 740 741 742 743 744 745 746 747 748 749 750 751 752 753 754 755 756 757 758 759 760 761 762 763 764 765 766 767 768 769 770 771 772 773 774 775 776 777 778 779 780 781 782 783 784 785 786 787 788 789 790 791 792 793 794 795 796 797 798 799 800 801 802 803 804 805 806 807 808 809 810 811 812 813 814 815 816 817 818 819 820 821 822 823 824 825 826 827 828 829 830 831 832 833 834 835 836 837 838 839 840 841 842 843 844 845 846 847 848 849 850 851 852 853 854 855 856 857 858 859 860 861 862 863 864 865 866 867 868 869 870 871 872 873 874 875 876 877 878 879 880 881 882 883 884 885 886 887 888 889 890 891 892 893 894 895 896 897 898 899 900 901 902 903 904 905 906 907 908 909 910 911 912 913 914 915 916 917 918 919 920 921 922 923 924 925 926 927 928 929 930 931 932 933 934 935 936 937 938 939 940 941 942 943 944 945 946 947 948 949 950 951 952 953 954 955 956 957 958 959 960 961 962 963 964 965 966 967 968 969 970 971 972 973 974 975 976 977 978 979 980 981 982 983 984 985 986 987 988 989 990 991 992 993 994 995 996 997 998 999 1000 1001 1002 1003 1004 1005 1006 1007 1008 1009 1010 1011 1012 1013 1014 1015 1016 1017 1018 1019 1020 1021 

hier_type Mesh
hier_name Stozek
triangle_count 94
1022 1023 1024 1025 1026 1027 1028 1029 1030 1031 1032 1033 1034 1035 1036 1037 1038 1039 1040 1041 1042 1043 1044 1045 1046 1047 1048 1049 1050 1051 1052 1053 1054 1055 1056 1057 1058 1059 1060 1061 1062 1063 1064 1065 1066 1067 1068 1069 1070 1071 1072 1073 1074 1075 1076 1077 1078 1079 1080 1081 1082 1083 1084 1085 1086 1087 1088 1089 1090 1091 1092 1093 1094 1095 1096 1097 1098 1099 1100 1101 1102 1103 1104 1105 1106 1107 1108 1109 1110 1111 1112 1113 1114 1115 

hier_type Mesh
hier_name Szescian
triangle_count 384
1116 1117 1118 1119 1120 1121 1122 1123 1124 1125 1126 1127 1128 1129 1130 1131 1132 1133 1134 1135 1136 1137 1138 1139 1140 1141 1142 1143 1144 1145 1146 1147 1148 1149 1150 1151 1152 1153 1154 1155 1156 1157 1158 1159 1160 1161 1162 1163 1164 1165 1166 1167 1168 1169 1170 1171 1172 1173 1174 1175 1176 1177 1178 1179 1180 1181 1182 1183 1184 1185 1186 1187 1188 1189 1190 1191 1192 1193 1194 1195 1196 1197 1198 1199 1200 1201 1202 1203 1204 1205 1206 1207 1208 1209 1210 1211 1212 1213 1214 1215 1216 1217 1218 1219 1220 1221 1222 1223 1224 1225 1226 1227 1228 1229 1230 1231 1232 1233 1234 1235 1236 1237 1238 1239 1240 1241 1242 1243 1244 1245 1246 1247 1248 1249 1250 1251 1252 1253 1254 1255 1256 1257 1258 1259 1260 1261 1262 1263 1264 1265 1266 1267 1268 1269 1270 1271 1272 1273 1274 1275 1276 1277 1278 1279 1280 1281 1282 1283 1284 1285 1286 1287 1288 1289 1290 1291 1292 1293 1294 1295 1296 1297 1298 1299 1300 1301 1302 1303 1304 1305 1306 1307 1308 1309 1310 1311 1312 1313 1314 1315 1316 1317 1318 1319 1320 1321 1322 1323 1324 1325 1326 1327 1328 1329 1330 1331 1332 1333 1334 1335 1336 1337 1338 1339 1340 1341 1342 1343 1344 1345 1346 1347 1348 1349 1350 1351 1352 1353 1354 1355 1356 1357 1358 1359 1360 1361 1362 1363 1364 1365 1366 1367 1368 1369 1370 1371 1372 1373 1374 1375 1376 1377 1378 1379 1380 1381 1382 1383 1384 1385 1386 1387 1388 1389 1390 1391 1392 1393 1394 1395 1396 1397 1398 1399 1400 1401 1402 1403 1404 1405 1406 1407 1408 1409 1410 1411 1412 1413 1414 1415 1416 1417 1418 1419 1420 1421 1422 1423 1424 1425 1426 1427 1428 1429 1430 1431 1432 1433 1434 1435 1436 1437 1438 1439 1440 1441 1442 1443 1444 1445 1446 1447 1448 1449 1450 1451 1452 1453 1454 1455 1456 1457 1458 1459 1460 1461 1462 1463 1464 1465 1466 1467 1468 1469 1470 1471 1472 1473 1474 1475 1476 1477 1478 1479 1480 1481 1482 1483 1484 1485 1486 1487 1488 1489 1490 1491 1492 1493 1494 1495 1496 1497 1498 1499 

hier_type Mesh
hier_name Stozek
triangle_count 94
1500 1501 1502 1503 1504 1505 1506 1507 1508 1509 1510 1511 1512 1513 1514 1515 1516 1517 1518 1519 1520 1521 1522 1523 1524 1525 1526 1527 1528 1529 1530 1531 1532 1533 1534 1535 1536 1537 1538 1539 1540 1541 1542 1543 1544 1545 1546 1547 1548 1549 1550 1551 1552 1553 1554 1555 1556 1557 1558 1559 1560 1561 1562 1563 1564 1565 1566 1567 1568 1569 1570 1571 1572 1573 1574 1575 1576 1577 1578 1579 1580 1581 1582 1583 1584 1585 1586 1587 1588 1589 1590 1591 1592 1593 

hier_type Mesh
hier_name Kula
triangle_count 544
1594 1595 1596 1597 1598 1599 1600 1601 1602 1603 1604 1605 1606 1607 1608 1609 1610 1611 1612 1613 1614 1615 1616 1617 1618 1619 1620 1621 1622 1623 1624 1625 1626 1627 1628 1629 1630 1631 1632 1633 1634 1635 1636 1637 1638 1639 1640 1641 1642 1643 1644 1645 1646 1647 1648 1649 1650 1651 1652 1653 1654 1655 1656 1657 1658 1659 1660 1661 1662 1663 1664 1665 1666 1667 1668 1669 1670 1671 1672 1673 1674 1675 1676 1677 1678 1679 1680 1681 1682 1683 1684 1685 1686 1687 1688 1689 1690 1691 1692 1693 1694 1695 1696 1697 1698 1699 1700 1701 1702 1703 1704 1705 1706 1707 1708 1709 1710 1711 1712 1713 1714 1715 1716 1717 1718 1719 1720 1721 1722 1723 1724 1725 1726 1727 1728 1729 1730 1731 1732 1733 1734 1735 1736 1737 1738 1739 1740 1741 1742 1743 1744 1745 1746 1747 1748 1749 1750 1751 1752 1753 1754 1755 1756 1757 1758 1759 1760 1761 1762 1763 1764 1765 1766 1767 1768 1769 1770 1771 1772 1773 1774 1775 1776 1777 1778 1779 1780 1781 1782 1783 1784 1785 1786 1787 1788 1789 1790 1791 1792 1793 1794 1795 1796 1797 1798 1799 1800 1801 1802 1803 1804 1805 1806 1807 1808 1809 1810 1811 1812 1813 1814 1815 1816 1817 1818 1819 1820 1821 1822 1823 1824 1825 1826 1827 1828 1829 1830 1831 1832 1833 1834 1835 1836 1837 1838 1839 1840 1841 1842 1843 1844 1845 1846 1847 1848 1849 1850 1851 1852 1853 1854 1855 1856 1857 1858 1859 1860 1861 1862 1863 1864 1865 1866 1867 1868 1869 1870 1871 1872 1873 1874 1875 1876 1877 1878 1879 1880 1881 1882 1883 1884 1885 1886 1887 1888 1889 1890 1891 1892 1893 1894 1895 1896 1897 1898 1899 1900 1901 1902 1903 1904 1905 1906 1907 1908 1909 1910 1911 1912 1913 1914 1915 1916 1917 1918 1919 1920 1921 1922 1923 1924 1925 1926 1927 1928 1929 1930 1931 1932 1933 1934 1935 1936 1937 1938 1939 1940 1941 1942 1943 1944 1945 1946 1947 1948 1949 1950 1951 1952 1953 1954 1955 1956 1957 1958 1959 1960 1961 1962 1963 1964 1965 1966 1967 1968 1969 1970 1971 1972 1973 1974 1975 1976 1977 1978 1979 1980 1981 1982 1983 1984 1985 1986 1987 1988 1989 1990 1991 1992 1993 1994 1995 1996 1997 1998 1999 2000 2001 2002 2003 2004 2005 2006 2007 2008 2009 2010 2011 2012 2013 2014 2015 2016 2017 2018 2019 2020 2021 2022 2023 2024 2025 2026 2027 2028 2029 2030 2031 2032 2033 2034 2035 2036 2037 2038 2039 2040 2041 2042 2043 2044 2045 2046 2047 2048 2049 2050 2051 2052 2053 2054 2055 2056 2057 2058 2059 2060 2061 2062 2063 2064 2065 2066 2067 2068 2069 2070 2071 2072 2073 2074 2075 2076 2077 2078 2079 2080 2081 2082 2083 2084 2085 2086 2087 2088 2089 2090 2091 2092 2093 2094 2095 2096 2097 2098 2099 2100 2101 2102 2103 2104 2105 2106 2107 2108 2109 2110 2111 2112 2113 2114 2115 2116 2117 2118 2119 2120 2121 2122 2123 2124 2125 2126 2127 2128 2129 2130 2131 2132 2133 2134 2135 2136 2137 

hier_type Mesh
hier_name Walec
triangle_count 188
2138 2139 2140 2141 2142 2143 2144 2145 2146 2147 2148 2149 2150 2151 2152 2153 2154 2155 2156 2157 2158 2159 2160 2161 2162 2163 2164 2165 2166 2167 2168 2169 2170 2171 2172 2173 2174 2175 2176 2177 2178 2179 2180 2181 2182 2183 2184 2185 2186 2187 2188 2189 2190 2191 2192 2193 2194 2195 2196 2197 2198 2199 2200 2201 2202 2203 2204 2205 2206 2207 2208 2209 2210 2211 2212 2213 2214 2215 2216 2217 2218 2219 2220 2221 2222 2223 2224 2225 2226 2227 2228 2229 2230 2231 2232 2233 2234 2235 2236 2237 2238 2239 2240 2241 2242 2243 2244 2245 2246 2247 2248 2249 2250 2251 2252 2253 2254 2255 2256 2257 2258 2259 2260 2261 2262 2263 2264 2265 2266 2267 2268 2269 2270 2271 2272 2273 2274 2275 2276 2277 2278 2279 2280 2281 2282 2283 2284 2285 2286 2287 2288 2289 2290 2291 2292 2293 2294 2295 2296 2297 2298 2299 2300 2301 2302 2303 2304 2305 2306 2307 2308 2309 2310 2311 2312 2313 2314 2315 2316 2317 2318 2319 2320 2321 2322 2323 2324 2325 
