
// punkty
points_count 429
-2.286469 0.5470111 4.773028E-09
-2.295392 0.5470111 0.133287
-2.322001 0.5470111 0.2641954
-2.36582 0.5470111 0.3903893
-2.426068 0.5470111 0.5096167
-2.50167 0.5470111 0.6197499
-2.591277 0.5470111 0.7188237
-2.69329 0.5470111 0.8050702
-2.805888 0.5470111 0.87695
-2.927062 0.5470111 0.9331806
-3.05465 0.5470111 0.9727587
-3.186374 0.5470111 0.9949778
-3.319885 0.5470111 0.9994416
-3.452799 0.5470111 0.9860702
-3.582746 0.5470111 0.9551024
-3.707405 0.5470111 0.9070907
-3.824552 0.5470111 0.842892
-3.932098 0.5470111 0.7636519
-4.028122 0.5470111 0.6707845
-4.110911 0.5470111 0.5659466
-4.178988 0.5470111 0.4510098
-4.231139 0.5470111 0.3280244
-4.266432 0.5470111 0.1991852
-4.284236 0.5470111 0.06679223
-4.284236 0.5470111 -0.06679334
-4.266431 0.5470111 -0.1991865
-4.231138 0.5470111 -0.3280255
-4.178988 0.5470111 -0.451011
-4.11091 0.5470111 -0.5659478
-4.028121 0.5470111 -0.6707854
-3.932097 0.5470111 -0.7636528
-3.824551 0.5470111 -0.8428927
-3.707403 0.5470111 -0.9070914
-3.582744 0.5470111 -0.9551028
-3.452798 0.5470111 -0.9860704
-3.319884 0.5470111 -0.9994416
-3.186373 0.5470111 -0.9949778
-3.054649 0.5470111 -0.9727585
-2.927061 0.5470111 -0.9331802
-2.805887 0.5470111 -0.8769495
-2.693289 0.5470111 -0.8050696
-2.591277 0.5470111 -0.7188233
-2.50167 0.5470111 -0.6197491
-2.426068 0.5470111 -0.509616
-2.365819 0.5470111 -0.3903878
-2.322 0.5470111 -0.2641945
-2.295392 0.5470111 -0.1332861
-3.286469 0.5470111 4.773028E-09
-3.286469 3.547011 4.773028E-09
-0.5762222 -1.07843 -1
1.423778 -1.07843 -1
1.423778 -1.07843 1
-0.5762222 -1.07843 1
-0.5762222 0.9215696 -1
1.423778 0.9215696 -1
1.423778 0.9215696 1
-0.5762222 0.9215696 1
0.4237778 0.9215696 4.773028E-09
0.4237778 0.9215696 4.773028E-09
0.4237778 -0.07843044 -1
0.4237778 -0.07843044 -1
1.423778 -0.07843044 4.773028E-09
1.423778 -0.07843044 4.773028E-09
0.4237778 -0.07843044 1
0.4237778 -0.07843044 1
-0.5762222 -0.07843044 4.773028E-09
-0.5762222 -0.07843044 4.773028E-09
0.4237778 -1.07843 4.773028E-09
0.4237778 -1.07843 4.773028E-09
0.4237778 0.9215696 -1
-0.5762222 0.9215696 4.773028E-09
0.4237778 0.9215696 1
1.423778 0.9215696 4.773028E-09
0.4237778 -1.07843 -1
-0.5762222 -0.07843044 -1
0.4237778 0.9215696 -1
1.423778 -0.07843044 -1
1.423778 -1.07843 4.773028E-09
1.423778 -0.07843044 -1
1.423778 0.9215696 4.773028E-09
1.423778 -0.07843044 1
0.4237778 -1.07843 1
1.423778 -0.07843044 1
0.4237778 0.9215696 1
-0.5762222 -0.07843044 1
-0.5762222 -1.07843 4.773028E-09
-0.5762222 -0.07843044 1
-0.5762222 0.9215696 4.773028E-09
-0.5762222 -0.07843044 -1
0.4237778 -1.07843 -1
1.423778 -1.07843 4.773028E-09
0.4237778 -1.07843 1
-0.5762222 -1.07843 4.773028E-09
-0.07622218 0.9215696 -0.5
0.9237778 0.9215696 -0.5
-0.07622218 0.9215696 0.5
-0.07622218 0.9215696 -0.5
0.9237778 0.9215696 0.5
-0.07622218 0.9215696 0.5
0.9237778 0.9215696 -0.5
0.9237778 0.9215696 0.5
-0.07622218 -0.5784304 -1
0.9237778 -0.5784304 -1
-0.07622218 0.4215696 -1
-0.07622218 -0.5784304 -1
0.9237778 0.4215696 -1
-0.07622218 0.4215696 -1
0.9237778 -0.5784304 -1
0.9237778 0.4215696 -1
1.423778 -0.5784304 -0.5
1.423778 -0.5784304 0.5
1.423778 0.4215696 -0.5
1.423778 -0.5784304 -0.5
1.423778 0.4215696 0.5
1.423778 0.4215696 -0.5
1.423778 -0.5784304 0.5
1.423778 0.4215696 0.5
0.9237778 -0.5784304 1
-0.07622218 -0.5784304 1
0.9237778 0.4215696 1
0.9237778 -0.5784304 1
-0.07622218 0.4215696 1
0.9237778 0.4215696 1
-0.07622218 -0.5784304 1
-0.07622218 0.4215696 1
-0.5762222 -0.5784304 0.5
-0.5762222 -0.5784304 -0.5
-0.5762222 0.4215696 0.5
-0.5762222 -0.5784304 0.5
-0.5762222 0.4215696 -0.5
-0.5762222 0.4215696 0.5
-0.5762222 -0.5784304 -0.5
-0.5762222 0.4215696 -0.5
0.9237778 -1.07843 -0.5
-0.07622218 -1.07843 -0.5
0.9237778 -1.07843 0.5
0.9237778 -1.07843 -0.5
-0.07622218 -1.07843 0.5
0.9237778 -1.07843 0.5
-0.07622218 -1.07843 -0.5
-0.07622218 -1.07843 0.5
0.4237778 0.9215696 -0.5
-0.07622218 0.9215696 -1
0.9237778 0.9215696 -1
0.4237778 0.9215696 -0.5
-0.07622218 0.9215696 4.773028E-09
-0.5762222 0.9215696 0.5
-0.5762222 0.9215696 -0.5
-0.07622218 0.9215696 4.773028E-09
0.4237778 0.9215696 0.5
0.9237778 0.9215696 1
-0.07622218 0.9215696 1
0.4237778 0.9215696 0.5
0.9237778 0.9215696 4.773028E-09
1.423778 0.9215696 -0.5
1.423778 0.9215696 0.5
0.9237778 0.9215696 4.773028E-09
0.4237778 -0.5784304 -1
-0.07622218 -1.07843 -1
0.9237778 -1.07843 -1
0.4237778 -0.5784304 -1
-0.07622218 -0.07843044 -1
-0.5762222 0.4215696 -1
-0.5762222 -0.5784304 -1
-0.07622218 -0.07843044 -1
0.4237778 0.4215696 -1
0.9237778 0.9215696 -1
-0.07622218 0.9215696 -1
0.4237778 0.4215696 -1
0.9237778 -0.07843044 -1
1.423778 -0.5784304 -1
1.423778 0.4215696 -1
0.9237778 -0.07843044 -1
1.423778 -0.5784304 4.773028E-09
1.423778 -1.07843 -0.5
1.423778 -1.07843 0.5
1.423778 -0.5784304 4.773028E-09
1.423778 -0.07843044 -0.5
1.423778 0.4215696 -1
1.423778 -0.5784304 -1
1.423778 -0.07843044 -0.5
1.423778 0.4215696 4.773028E-09
1.423778 0.9215696 0.5
1.423778 0.9215696 -0.5
1.423778 0.4215696 4.773028E-09
1.423778 -0.07843044 0.5
1.423778 -0.5784304 1
1.423778 0.4215696 1
1.423778 -0.07843044 0.5
0.4237778 -0.5784304 1
0.9237778 -1.07843 1
-0.07622218 -1.07843 1
0.4237778 -0.5784304 1
0.9237778 -0.07843044 1
1.423778 0.4215696 1
1.423778 -0.5784304 1
0.9237778 -0.07843044 1
0.4237778 0.4215696 1
-0.07622218 0.9215696 1
0.9237778 0.9215696 1
0.4237778 0.4215696 1
-0.07622218 -0.07843044 1
-0.5762222 -0.5784304 1
-0.5762222 0.4215696 1
-0.07622218 -0.07843044 1
-0.5762222 -0.5784304 4.773028E-09
-0.5762222 -1.07843 0.5
-0.5762222 -1.07843 -0.5
-0.5762222 -0.5784304 4.773028E-09
-0.5762222 -0.07843044 0.5
-0.5762222 0.4215696 1
-0.5762222 -0.5784304 1
-0.5762222 -0.07843044 0.5
-0.5762222 0.4215696 4.773028E-09
-0.5762222 0.9215696 -0.5
-0.5762222 0.9215696 0.5
-0.5762222 0.4215696 4.773028E-09
-0.5762222 -0.07843044 -0.5
-0.5762222 -0.5784304 -1
-0.5762222 0.4215696 -1
-0.5762222 -0.07843044 -0.5
0.4237778 -1.07843 -0.5
0.9237778 -1.07843 -1
-0.07622218 -1.07843 -1
0.4237778 -1.07843 -0.5
0.9237778 -1.07843 4.773028E-09
1.423778 -1.07843 0.5
1.423778 -1.07843 -0.5
0.9237778 -1.07843 4.773028E-09
0.4237778 -1.07843 0.5
-0.07622218 -1.07843 1
0.9237778 -1.07843 1
0.4237778 -1.07843 0.5
-0.07622218 -1.07843 4.773028E-09
-0.5762222 -1.07843 -0.5
-0.5762222 -1.07843 0.5
-0.07622218 -1.07843 4.773028E-09
0.1737778 0.9215696 -0.75
0.1737778 0.9215696 -0.25
-0.3262222 0.9215696 -0.75
0.1737778 0.9215696 -0.75
0.6737778 0.9215696 -0.75
1.173778 0.9215696 -0.75
0.6737778 0.9215696 -0.25
0.6737778 0.9215696 -0.75
-0.3262222 0.9215696 0.25
0.1737778 0.9215696 0.25
-0.3262222 0.9215696 0.75
-0.3262222 0.9215696 0.25
-0.3262222 0.9215696 -0.25
-0.3262222 0.9215696 -0.75
0.1737778 0.9215696 -0.25
-0.3262222 0.9215696 -0.25
0.6737778 0.9215696 0.75
0.6737778 0.9215696 0.25
1.173778 0.9215696 0.75
0.6737778 0.9215696 0.75
0.1737778 0.9215696 0.75
-0.3262222 0.9215696 0.75
0.1737778 0.9215696 0.25
0.1737778 0.9215696 0.75
1.173778 0.9215696 -0.25
0.6737778 0.9215696 -0.25
1.173778 0.9215696 -0.75
1.173778 0.9215696 -0.25
1.173778 0.9215696 0.25
1.173778 0.9215696 0.75
0.6737778 0.9215696 0.25
1.173778 0.9215696 0.25
0.1737778 -0.8284304 -1
0.1737778 -0.3284304 -1
-0.3262222 -0.8284304 -1
0.1737778 -0.8284304 -1
0.6737778 -0.8284304 -1
1.173778 -0.8284304 -1
0.6737778 -0.3284304 -1
0.6737778 -0.8284304 -1
-0.3262222 0.1715696 -1
0.1737778 0.1715696 -1
-0.3262222 0.6715696 -1
-0.3262222 0.1715696 -1
-0.3262222 -0.3284304 -1
-0.3262222 -0.8284304 -1
0.1737778 -0.3284304 -1
-0.3262222 -0.3284304 -1
0.6737778 0.6715696 -1
0.6737778 0.1715696 -1
1.173778 0.6715696 -1
0.6737778 0.6715696 -1
0.1737778 0.6715696 -1
-0.3262222 0.6715696 -1
0.1737778 0.1715696 -1
0.1737778 0.6715696 -1
1.173778 -0.3284304 -1
0.6737778 -0.3284304 -1
1.173778 -0.8284304 -1
1.173778 -0.3284304 -1
1.173778 0.1715696 -1
1.173778 0.6715696 -1
0.6737778 0.1715696 -1
1.173778 0.1715696 -1
1.423778 -0.8284304 -0.25
1.423778 -0.3284304 -0.25
1.423778 -0.8284304 -0.75
1.423778 -0.8284304 -0.25
1.423778 -0.8284304 0.25
1.423778 -0.8284304 0.75
1.423778 -0.3284304 0.25
1.423778 -0.8284304 0.25
1.423778 0.1715696 -0.75
1.423778 0.1715696 -0.25
1.423778 0.6715696 -0.75
1.423778 0.1715696 -0.75
1.423778 -0.3284304 -0.75
1.423778 -0.8284304 -0.75
1.423778 -0.3284304 -0.25
1.423778 -0.3284304 -0.75
1.423778 0.6715696 0.25
1.423778 0.1715696 0.25
1.423778 0.6715696 0.75
1.423778 0.6715696 0.25
1.423778 0.6715696 -0.25
1.423778 0.6715696 -0.75
1.423778 0.1715696 -0.25
1.423778 0.6715696 -0.25
1.423778 -0.3284304 0.75
1.423778 -0.3284304 0.25
1.423778 -0.8284304 0.75
1.423778 -0.3284304 0.75
1.423778 0.1715696 0.75
1.423778 0.6715696 0.75
1.423778 0.1715696 0.25
1.423778 0.1715696 0.75
0.6737778 -0.8284304 1
0.6737778 -0.3284304 1
1.173778 -0.8284304 1
0.6737778 -0.8284304 1
0.1737778 -0.8284304 1
-0.3262222 -0.8284304 1
0.1737778 -0.3284304 1
0.1737778 -0.8284304 1
1.173778 0.1715696 1
0.6737778 0.1715696 1
1.173778 0.6715696 1
1.173778 0.1715696 1
1.173778 -0.3284304 1
1.173778 -0.8284304 1
0.6737778 -0.3284304 1
1.173778 -0.3284304 1
0.1737778 0.6715696 1
0.1737778 0.1715696 1
-0.3262222 0.6715696 1
0.1737778 0.6715696 1
0.6737778 0.6715696 1
1.173778 0.6715696 1
0.6737778 0.1715696 1
0.6737778 0.6715696 1
-0.3262222 -0.3284304 1
0.1737778 -0.3284304 1
-0.3262222 -0.8284304 1
-0.3262222 -0.3284304 1
-0.3262222 0.1715696 1
-0.3262222 0.6715696 1
0.1737778 0.1715696 1
-0.3262222 0.1715696 1
-0.5762222 -0.8284304 0.25
-0.5762222 -0.3284304 0.25
-0.5762222 -0.8284304 0.75
-0.5762222 -0.8284304 0.25
-0.5762222 -0.8284304 -0.25
-0.5762222 -0.8284304 -0.75
-0.5762222 -0.3284304 -0.25
-0.5762222 -0.8284304 -0.25
-0.5762222 0.1715696 0.75
-0.5762222 0.1715696 0.25
-0.5762222 0.6715696 0.75
-0.5762222 0.1715696 0.75
-0.5762222 -0.3284304 0.75
-0.5762222 -0.8284304 0.75
-0.5762222 -0.3284304 0.25
-0.5762222 -0.3284304 0.75
-0.5762222 0.6715696 -0.25
-0.5762222 0.1715696 -0.25
-0.5762222 0.6715696 -0.75
-0.5762222 0.6715696 -0.25
-0.5762222 0.6715696 0.25
-0.5762222 0.6715696 0.75
-0.5762222 0.1715696 0.25
-0.5762222 0.6715696 0.25
-0.5762222 -0.3284304 -0.75
-0.5762222 -0.3284304 -0.25
-0.5762222 -0.8284304 -0.75
-0.5762222 -0.3284304 -0.75
-0.5762222 0.1715696 -0.75
-0.5762222 0.6715696 -0.75
-0.5762222 0.1715696 -0.25
-0.5762222 0.1715696 -0.75
0.6737778 -1.07843 -0.75
0.6737778 -1.07843 -0.25
1.173778 -1.07843 -0.75
0.6737778 -1.07843 -0.75
0.1737778 -1.07843 -0.75
-0.3262222 -1.07843 -0.75
0.1737778 -1.07843 -0.25
0.1737778 -1.07843 -0.75
1.173778 -1.07843 0.25
0.6737778 -1.07843 0.25
1.173778 -1.07843 0.75
1.173778 -1.07843 0.25
1.173778 -1.07843 -0.25
1.173778 -1.07843 -0.75
0.6737778 -1.07843 -0.25
1.173778 -1.07843 -0.25
0.1737778 -1.07843 0.75
0.1737778 -1.07843 0.25
-0.3262222 -1.07843 0.75
0.1737778 -1.07843 0.75
0.6737778 -1.07843 0.75
1.173778 -1.07843 0.75
0.6737778 -1.07843 0.25
0.6737778 -1.07843 0.75
-0.3262222 -1.07843 -0.25
0.1737778 -1.07843 -0.25
-0.3262222 -1.07843 -0.75
-0.3262222 -1.07843 -0.25
-0.3262222 -1.07843 0.25
-0.3262222 -1.07843 0.75
0.1737778 -1.07843 0.25
-0.3262222 -1.07843 0.25


// trójkąty
triangles_count 478
1 0 47
2 1 47
3 2 47
4 3 47
5 4 47
6 5 47
7 6 47
8 7 47
9 8 47
10 9 47
11 10 47
12 11 47
13 12 47
14 13 47
15 14 47
16 15 47
17 16 47
18 17 47
19 18 47
20 19 47
21 20 47
22 21 47
23 22 47
24 23 47
25 24 47
26 25 47
27 26 47
28 27 47
29 28 47
30 29 47
31 30 47
32 31 47
33 32 47
34 33 47
35 34 47
36 35 47
37 36 47
38 37 47
39 38 47
40 39 47
41 40 47
42 41 47
43 42 47
44 43 47
45 44 47
46 45 47
0 46 47
0 1 48
1 2 48
2 3 48
3 4 48
4 5 48
5 6 48
6 7 48
7 8 48
8 9 48
9 10 48
10 11 48
11 12 48
12 13 48
13 14 48
14 15 48
15 16 48
16 17 48
17 18 48
18 19 48
19 20 48
20 21 48
21 22 48
22 23 48
23 24 48
24 25 48
25 26 48
26 27 48
27 28 48
28 29 48
29 30 48
30 31 48
31 32 48
32 33 48
33 34 48
34 35 48
35 36 48
36 37 48
37 38 48
38 39 48
39 40 48
40 41 48
41 42 48
42 43 48
43 44 48
44 45 48
45 46 48
46 0 48
237 141 93
237 69 141
238 141 57
238 93 141
239 142 93
239 53 142
240 142 69
240 93 142
241 143 94
241 69 143
242 143 54
242 94 143
243 144 94
243 57 144
244 144 69
244 94 144
245 145 95
245 70 145
246 145 57
246 95 145
247 146 95
247 56 146
248 146 70
248 95 146
249 147 96
249 70 147
250 147 53
250 96 147
251 148 96
251 57 148
252 148 70
252 96 148
253 149 97
253 71 149
254 149 58
254 97 149
255 150 97
255 55 150
256 150 71
256 97 150
257 151 98
257 71 151
258 151 56
258 98 151
259 152 98
259 58 152
260 152 71
260 98 152
261 153 99
261 72 153
262 153 58
262 99 153
263 154 99
263 54 154
264 154 72
264 99 154
265 155 100
265 72 155
266 155 55
266 100 155
267 156 100
267 58 156
268 156 72
268 100 156
269 157 101
269 73 157
270 157 59
270 101 157
271 158 101
271 49 158
272 158 73
272 101 158
273 159 102
273 73 159
274 159 50
274 102 159
275 160 102
275 59 160
276 160 73
276 102 160
277 161 103
277 74 161
278 161 59
278 103 161
279 162 103
279 53 162
280 162 74
280 103 162
281 163 104
281 74 163
282 163 49
282 104 163
283 164 104
283 59 164
284 164 74
284 104 164
285 165 105
285 75 165
286 165 60
286 105 165
287 166 105
287 54 166
288 166 75
288 105 166
289 167 106
289 75 167
290 167 53
290 106 167
291 168 106
291 60 168
292 168 75
292 106 168
293 169 107
293 76 169
294 169 60
294 107 169
295 170 107
295 50 170
296 170 76
296 107 170
297 171 108
297 76 171
298 171 54
298 108 171
299 172 108
299 60 172
300 172 76
300 108 172
301 173 109
301 77 173
302 173 61
302 109 173
303 174 109
303 50 174
304 174 77
304 109 174
305 175 110
305 77 175
306 175 51
306 110 175
307 176 110
307 61 176
308 176 77
308 110 176
309 177 111
309 78 177
310 177 61
310 111 177
311 178 111
311 54 178
312 178 78
312 111 178
313 179 112
313 78 179
314 179 50
314 112 179
315 180 112
315 61 180
316 180 78
316 112 180
317 181 113
317 79 181
318 181 62
318 113 181
319 182 113
319 55 182
320 182 79
320 113 182
321 183 114
321 79 183
322 183 54
322 114 183
323 184 114
323 62 184
324 184 79
324 114 184
325 185 115
325 80 185
326 185 62
326 115 185
327 186 115
327 51 186
328 186 80
328 115 186
329 187 116
329 80 187
330 187 55
330 116 187
331 188 116
331 62 188
332 188 80
332 116 188
333 189 117
333 81 189
334 189 63
334 117 189
335 190 117
335 51 190
336 190 81
336 117 190
337 191 118
337 81 191
338 191 52
338 118 191
339 192 118
339 63 192
340 192 81
340 118 192
341 193 119
341 82 193
342 193 63
342 119 193
343 194 119
343 55 194
344 194 82
344 119 194
345 195 120
345 82 195
346 195 51
346 120 195
347 196 120
347 63 196
348 196 82
348 120 196
349 197 121
349 83 197
350 197 64
350 121 197
351 198 121
351 56 198
352 198 83
352 121 198
353 199 122
353 83 199
354 199 55
354 122 199
355 200 122
355 64 200
356 200 83
356 122 200
357 201 123
357 84 201
358 201 64
358 123 201
359 202 123
359 52 202
360 202 84
360 123 202
361 203 124
361 84 203
362 203 56
362 124 203
363 204 124
363 64 204
364 204 84
364 124 204
365 205 125
365 85 205
366 205 65
366 125 205
367 206 125
367 52 206
368 206 85
368 125 206
369 207 126
369 85 207
370 207 49
370 126 207
371 208 126
371 65 208
372 208 85
372 126 208
373 209 127
373 86 209
374 209 65
374 127 209
375 210 127
375 56 210
376 210 86
376 127 210
377 211 128
377 86 211
378 211 52
378 128 211
379 212 128
379 65 212
380 212 86
380 128 212
381 213 129
381 87 213
382 213 66
382 129 213
383 214 129
383 53 214
384 214 87
384 129 214
385 215 130
385 87 215
386 215 56
386 130 215
387 216 130
387 66 216
388 216 87
388 130 216
389 217 131
389 88 217
390 217 66
390 131 217
391 218 131
391 49 218
392 218 88
392 131 218
393 219 132
393 88 219
394 219 53
394 132 219
395 220 132
395 66 220
396 220 88
396 132 220
397 221 133
397 89 221
398 221 67
398 133 221
399 222 133
399 50 222
400 222 89
400 133 222
401 223 134
401 89 223
402 223 49
402 134 223
403 224 134
403 67 224
404 224 89
404 134 224
405 225 135
405 90 225
406 225 67
406 135 225
407 226 135
407 51 226
408 226 90
408 135 226
409 227 136
409 90 227
410 227 50
410 136 227
411 228 136
411 67 228
412 228 90
412 136 228
413 229 137
413 91 229
414 229 68
414 137 229
415 230 137
415 52 230
416 230 91
416 137 230
417 231 138
417 91 231
418 231 51
418 138 231
419 232 138
419 68 232
420 232 91
420 138 232
421 233 139
421 92 233
422 233 68
422 139 233
423 234 139
423 49 234
424 234 92
424 139 234
425 235 140
425 92 235
426 235 52
426 140 235
427 236 140
427 68 236
428 236 92
428 140 236


// części
parts_count 2
0 0 0 0 0 0 0 0 0 0 0 0 0 0 0 0 0 0 0 0 0 0 0 0 0 0 0 0 0 0 0 0 0 0 0 0 0 0 0 0 0 0 0 0 0 0 0 0 0 0 0 0 0 0 0 0 0 0 0 0 0 0 0 0 0 0 0 0 0 0 0 0 0 0 0 0 0 0 0 0 0 0 0 0 0 0 0 0 0 0 0 0 0 0 1 1 1 1 1 1 1 1 1 1 1 1 1 1 1 1 1 1 1 1 1 1 1 1 1 1 1 1 1 1 1 1 1 1 1 1 1 1 1 1 1 1 1 1 1 1 1 1 1 1 1 1 1 1 1 1 1 1 1 1 1 1 1 1 1 1 1 1 1 1 1 1 1 1 1 1 1 1 1 1 1 1 1 1 1 1 1 1 1 1 1 1 1 1 1 1 1 1 1 1 1 1 1 1 1 1 1 1 1 1 1 1 1 1 1 1 1 1 1 1 1 1 1 1 1 1 1 1 1 1 1 1 1 1 1 1 1 1 1 1 1 1 1 1 1 1 1 1 1 1 1 1 1 1 1 1 1 1 1 1 1 1 1 1 1 1 1 1 1 1 1 1 1 1 1 1 1 1 1 1 1 1 1 1 1 1 1 1 1 1 1 1 1 1 1 1 1 1 1 1 1 1 1 1 1 1 1 1 1 1 1 1 1 1 1 1 1 1 1 1 1 1 1 1 1 1 1 1 1 1 1 1 1 1 1 1 1 1 1 1 1 1 1 1 1 1 1 1 1 1 1 1 1 1 1 1 1 1 1 1 1 1 1 1 1 1 1 1 1 1 1 1 1 1 1 1 1 1 1 1 1 1 1 1 1 1 1 1 1 1 1 1 1 1 1 1 1 1 1 1 1 1 1 1 1 1 1 1 1 1 1 1 1 1 1 1 1 1 1 1 1 1 1 1 1 1 1 1 1 1 1 1 1 1 1 1 1 1 1 1 1 1 1 1 1 1 1 1 1 1 1 1 1 1 1 1 1 1 1 1 1 1 1 1 1 1 1 1 1 1 1 1 1 1 1 1 1 1 1 1 1 1 1 1 


// materiały
materials_count 1

mat_name default
rgb 0.6 0.95 0.5
kdCr 1
kdCg 1
kdCb 1
ksCr 1
ksCg 1
ksCb 1
krCr 1
krCg 1
krCb 1
kaCr 1
kaCg 1
kaCb 1
g 1
n 1


// przypisanie materiałów
0 default
1 default


// światła
lights_count 0


// kamery
cams_count 0
active 0


// hierarchia
node_count 2

hier_type Mesh
hier_name Stozek
triangle_count 94
0 1 2 3 4 5 6 7 8 9 10 11 12 13 14 15 16 17 18 19 20 21 22 23 24 25 26 27 28 29 30 31 32 33 34 35 36 37 38 39 40 41 42 43 44 45 46 47 48 49 50 51 52 53 54 55 56 57 58 59 60 61 62 63 64 65 66 67 68 69 70 71 72 73 74 75 76 77 78 79 80 81 82 83 84 85 86 87 88 89 90 91 92 93 

hier_type Mesh
hier_name Szescian
triangle_count 384
94 95 96 97 98 99 100 101 102 103 104 105 106 107 108 109 110 111 112 113 114 115 116 117 118 119 120 121 122 123 124 125 126 127 128 129 130 131 132 133 134 135 136 137 138 139 140 141 142 143 144 145 146 147 148 149 150 151 152 153 154 155 156 157 158 159 160 161 162 163 164 165 166 167 168 169 170 171 172 173 174 175 176 177 178 179 180 181 182 183 184 185 186 187 188 189 190 191 192 193 194 195 196 197 198 199 200 201 202 203 204 205 206 207 208 209 210 211 212 213 214 215 216 217 218 219 220 221 222 223 224 225 226 227 228 229 230 231 232 233 234 235 236 237 238 239 240 241 242 243 244 245 246 247 248 249 250 251 252 253 254 255 256 257 258 259 260 261 262 263 264 265 266 267 268 269 270 271 272 273 274 275 276 277 278 279 280 281 282 283 284 285 286 287 288 289 290 291 292 293 294 295 296 297 298 299 300 301 302 303 304 305 306 307 308 309 310 311 312 313 314 315 316 317 318 319 320 321 322 323 324 325 326 327 328 329 330 331 332 333 334 335 336 337 338 339 340 341 342 343 344 345 346 347 348 349 350 351 352 353 354 355 356 357 358 359 360 361 362 363 364 365 366 367 368 369 370 371 372 373 374 375 376 377 378 379 380 381 382 383 384 385 386 387 388 389 390 391 392 393 394 395 396 397 398 399 400 401 402 403 404 405 406 407 408 409 410 411 412 413 414 415 416 417 418 419 420 421 422 423 424 425 426 427 428 429 430 431 432 433 434 435 436 437 438 439 440 441 442 443 444 445 446 447 448 449 450 451 452 453 454 455 456 457 458 459 460 461 462 463 464 465 466 467 468 469 470 471 472 473 474 475 476 477 
