
// punkty
points_count 96
0.9910773 -1 0.133287
0.9910773 1 0.133287
0.964469 -1 0.2641954
0.964469 1 0.2641954
0.9206496 -1 0.3903893
0.9206496 1 0.3903893
0.8604014 -1 0.5096167
0.8604014 1 0.5096167
0.7847991 -1 0.6197499
0.7847991 1 0.6197499
0.6951922 -1 0.7188237
0.6951922 1 0.7188237
0.5931793 -1 0.8050702
0.5931793 1 0.8050702
0.4805814 -1 0.87695
0.4805814 1 0.87695
0.3594075 -1 0.9331806
0.3594075 1 0.9331806
0.2318197 -1 0.9727587
0.2318197 1 0.9727587
0.1000951 -1 0.9949778
0.1000951 1 0.9949778
-0.03341556 -1 0.9994416
-0.03341556 1 0.9994416
-0.1663299 -1 0.9860702
-0.1663299 1 0.9860702
-0.2962762 -1 0.9551024
-0.2962762 1 0.9551024
-0.4209354 -1 0.9070907
-0.4209354 1 0.9070907
-0.5380831 -1 0.842892
-0.5380831 1 0.842892
-0.6456283 -1 0.7636519
-0.6456283 1 0.7636519
-0.7416525 -1 0.6707845
-0.7416525 1 0.6707845
-0.824442 -1 0.5659466
-0.824442 1 0.5659466
-0.8925192 -1 0.4510098
-0.8925192 1 0.4510098
-0.9446695 -1 0.3280244
-0.9446695 1 0.3280244
-0.9799621 -1 0.1991852
-0.9799621 1 0.1991852
-0.9977671 -1 0.06679223
-0.9977671 1 0.06679223
-0.997767 -1 -0.06679334
-0.997767 1 -0.06679334
-0.9799618 -1 -0.1991865
-0.9799618 1 -0.1991865
-0.944669 -1 -0.3280255
-0.944669 1 -0.3280255
-0.8925185 -1 -0.451011
-0.8925185 1 -0.451011
-0.8244413 -1 -0.5659478
-0.8244413 1 -0.5659478
-0.7416518 -1 -0.6707854
-0.7416518 1 -0.6707854
-0.6456274 -1 -0.7636528
-0.6456274 1 -0.7636528
-0.5380819 -1 -0.8428927
-0.5380819 1 -0.8428927
-0.420934 -1 -0.9070914
-0.420934 1 -0.9070914
-0.2962749 -1 -0.9551028
-0.2962749 1 -0.9551028
-0.1663288 -1 -0.9860704
-0.1663288 1 -0.9860704
-0.03341454 -1 -0.9994416
-0.03341454 1 -0.9994416
0.100096 -1 -0.9949778
0.100096 1 -0.9949778
0.2318207 -1 -0.9727585
0.2318207 1 -0.9727585
0.3594086 -1 -0.9331802
0.3594086 1 -0.9331802
0.4805824 -1 -0.8769495
0.4805824 1 -0.8769495
0.5931802 -1 -0.8050696
0.5931802 1 -0.8050696
0.6951927 -1 -0.7188233
0.6951927 1 -0.7188233
0.7847998 -1 -0.6197491
0.7847998 1 -0.6197491
0.8604017 -1 -0.509616
0.8604017 1 -0.509616
0.9206504 -1 -0.3903878
0.9206504 1 -0.3903878
0.9644692 -1 -0.2641945
0.9644692 1 -0.2641945
0.9910774 -1 -0.1332861
0.9910774 1 -0.1332861
0.9999998 -1 1.611726E-06
0.9999998 1 1.611726E-06
-2.086163E-07 -1 6.369103E-09
-2.086163E-07 1 6.369103E-09


// trójkąty
triangles_count 188
1 3 95
2 0 94
3 5 95
4 2 94
5 7 95
6 4 94
7 9 95
8 6 94
9 11 95
10 8 94
11 13 95
12 10 94
13 15 95
14 12 94
15 17 95
16 14 94
17 19 95
18 16 94
19 21 95
20 18 94
21 23 95
22 20 94
23 25 95
24 22 94
25 27 95
26 24 94
27 29 95
28 26 94
29 31 95
30 28 94
31 33 95
32 30 94
33 35 95
34 32 94
35 37 95
36 34 94
37 39 95
38 36 94
39 41 95
40 38 94
41 43 95
42 40 94
43 45 95
44 42 94
45 47 95
46 44 94
47 49 95
48 46 94
49 51 95
50 48 94
51 53 95
52 50 94
53 55 95
54 52 94
55 57 95
56 54 94
57 59 95
58 56 94
59 61 95
60 58 94
61 63 95
62 60 94
63 65 95
64 62 94
65 67 95
66 64 94
67 69 95
68 66 94
69 71 95
70 68 94
71 73 95
72 70 94
73 75 95
74 72 94
75 77 95
76 74 94
77 79 95
78 76 94
79 81 95
80 78 94
81 83 95
82 80 94
83 85 95
84 82 94
85 87 95
86 84 94
87 89 95
88 86 94
89 91 95
90 88 94
91 93 95
92 90 94
93 1 95
0 92 94
0 2 1
2 3 1
2 4 3
4 5 3
4 6 5
6 7 5
6 8 7
8 9 7
8 10 9
10 11 9
10 12 11
12 13 11
12 14 13
14 15 13
14 16 15
16 17 15
16 18 17
18 19 17
18 20 19
20 21 19
20 22 21
22 23 21
22 24 23
24 25 23
24 26 25
26 27 25
26 28 27
28 29 27
28 30 29
30 31 29
30 32 31
32 33 31
32 34 33
34 35 33
34 36 35
36 37 35
36 38 37
38 39 37
38 40 39
40 41 39
40 42 41
42 43 41
42 44 43
44 45 43
44 46 45
46 47 45
46 48 47
48 49 47
48 50 49
50 51 49
50 52 51
52 53 51
52 54 53
54 55 53
54 56 55
56 57 55
56 58 57
58 59 57
58 60 59
60 61 59
60 62 61
62 63 61
62 64 63
64 65 63
64 66 65
66 67 65
66 68 67
68 69 67
68 70 69
70 71 69
70 72 71
72 73 71
72 74 73
74 75 73
74 76 75
76 77 75
76 78 77
78 79 77
78 80 79
80 81 79
80 82 81
82 83 81
82 84 83
84 85 83
84 86 85
86 87 85
86 88 87
88 89 87
88 90 89
90 91 89
90 92 91
92 93 91
92 0 93
0 1 93


// części
parts_count 1
0 0 0 0 0 0 0 0 0 0 0 0 0 0 0 0 0 0 0 0 0 0 0 0 0 0 0 0 0 0 0 0 0 0 0 0 0 0 0 0 0 0 0 0 0 0 0 0 0 0 0 0 0 0 0 0 0 0 0 0 0 0 0 0 0 0 0 0 0 0 0 0 0 0 0 0 0 0 0 0 0 0 0 0 0 0 0 0 0 0 0 0 0 0 0 0 0 0 0 0 0 0 0 0 0 0 0 0 0 0 0 0 0 0 0 0 0 0 0 0 0 0 0 0 0 0 0 0 0 0 0 0 0 0 0 0 0 0 0 0 0 0 0 0 0 0 0 0 0 0 0 0 0 0 0 0 0 0 0 0 0 0 0 0 0 0 0 0 0 0 0 0 0 0 0 0 0 0 0 0 0 0 0 0 0 0 0 0 


// materiały
materials_count 1

mat_name default
rgb 0.6 0.95 0.5
kdCr 1
kdCg 1
kdCb 1
ksCr 1
ksCg 1
ksCb 1
krCr 1
krCg 1
krCb 1
kaCr 1
kaCg 1
kaCb 1
g 1
n 1


// przypisanie materiałów
0 default


// światła
lights_count 0


// kamery
cams_count 0
active 0


// hierarchia
node_count 1

hier_type Mesh
hier_name Walec
triangle_count 188
0 1 2 3 4 5 6 7 8 9 10 11 12 13 14 15 16 17 18 19 20 21 22 23 24 25 26 27 28 29 30 31 32 33 34 35 36 37 38 39 40 41 42 43 44 45 46 47 48 49 50 51 52 53 54 55 56 57 58 59 60 61 62 63 64 65 66 67 68 69 70 71 72 73 74 75 76 77 78 79 80 81 82 83 84 85 86 87 88 89 90 91 92 93 94 95 96 97 98 99 100 101 102 103 104 105 106 107 108 109 110 111 112 113 114 115 116 117 118 119 120 121 122 123 124 125 126 127 128 129 130 131 132 133 134 135 136 137 138 139 140 141 142 143 144 145 146 147 148 149 150 151 152 153 154 155 156 157 158 159 160 161 162 163 164 165 166 167 168 169 170 171 172 173 174 175 176 177 178 179 180 181 182 183 184 185 186 187 
