
// punkty
points_count 380
-0.9999999 -0.9999994 -0.9999994
1 -0.9999994 -0.9999994
1 -0.9999994 1.000001
-0.9999999 -0.9999994 1.000001
-0.9999999 1 -0.9999994
1 1 -0.9999994
1 1 1.000001
-0.9999999 1 1.000001
1.41561E-07 1 5.960464E-07
1.41561E-07 1 5.960464E-07
1.41561E-07 4.768372E-07 -0.9999994
1.41561E-07 4.768372E-07 -0.9999994
1 4.768372E-07 5.960464E-07
1 4.768372E-07 5.960464E-07
1.41561E-07 4.768372E-07 1.000001
1.41561E-07 4.768372E-07 1.000001
-0.9999999 4.768372E-07 5.960464E-07
-0.9999999 4.768372E-07 5.960464E-07
1.41561E-07 -0.9999994 5.960464E-07
1.41561E-07 -0.9999994 5.960464E-07
1.41561E-07 1 -0.9999994
-0.9999999 1 5.960464E-07
1.41561E-07 1 1.000001
1 1 5.960464E-07
1.41561E-07 -0.9999994 -0.9999994
-0.9999999 4.768372E-07 -0.9999994
1.41561E-07 1 -0.9999994
1 4.768372E-07 -0.9999994
1 -0.9999994 5.960464E-07
1 4.768372E-07 -0.9999994
1 1 5.960464E-07
1 4.768372E-07 1.000001
1.41561E-07 -0.9999994 1.000001
1 4.768372E-07 1.000001
1.41561E-07 1 1.000001
-0.9999999 4.768372E-07 1.000001
-0.9999999 -0.9999994 5.960464E-07
-0.9999999 4.768372E-07 1.000001
-0.9999999 1 5.960464E-07
-0.9999999 4.768372E-07 -0.9999994
1.41561E-07 -0.9999994 -0.9999994
1 -0.9999994 5.960464E-07
1.41561E-07 -0.9999994 1.000001
-0.9999999 -0.9999994 5.960464E-07
-0.4999999 1 -0.4999994
0.5000001 1 -0.4999994
-0.4999999 1 0.5000006
-0.4999999 1 -0.4999994
0.5000001 1 0.5000006
-0.4999999 1 0.5000006
0.5000001 1 -0.4999994
0.5000001 1 0.5000006
-0.4999999 -0.4999995 -0.9999994
0.5000001 -0.4999995 -0.9999994
-0.4999999 0.5000005 -0.9999994
-0.4999999 -0.4999995 -0.9999994
0.5000001 0.5000005 -0.9999994
-0.4999999 0.5000005 -0.9999994
0.5000001 -0.4999995 -0.9999994
0.5000001 0.5000005 -0.9999994
1 -0.4999995 -0.4999994
1 -0.4999995 0.5000006
1 0.5000005 -0.4999994
1 -0.4999995 -0.4999994
1 0.5000005 0.5000006
1 0.5000005 -0.4999994
1 -0.4999995 0.5000006
1 0.5000005 0.5000006
0.5000001 -0.4999995 1.000001
-0.4999999 -0.4999995 1.000001
0.5000001 0.5000005 1.000001
0.5000001 -0.4999995 1.000001
-0.4999999 0.5000005 1.000001
0.5000001 0.5000005 1.000001
-0.4999999 -0.4999995 1.000001
-0.4999999 0.5000005 1.000001
-0.9999999 -0.4999995 0.5000006
-0.9999999 -0.4999995 -0.4999994
-0.9999999 0.5000005 0.5000006
-0.9999999 -0.4999995 0.5000006
-0.9999999 0.5000005 -0.4999994
-0.9999999 0.5000005 0.5000006
-0.9999999 -0.4999995 -0.4999994
-0.9999999 0.5000005 -0.4999994
0.5000001 -0.9999994 -0.4999994
-0.4999999 -0.9999994 -0.4999994
0.5000001 -0.9999994 0.5000006
0.5000001 -0.9999994 -0.4999994
-0.4999999 -0.9999994 0.5000006
0.5000001 -0.9999994 0.5000006
-0.4999999 -0.9999994 -0.4999994
-0.4999999 -0.9999994 0.5000006
1.41561E-07 1 -0.4999994
-0.4999999 1 -0.9999994
0.5000001 1 -0.9999994
1.41561E-07 1 -0.4999994
-0.4999999 1 5.960464E-07
-0.9999999 1 0.5000006
-0.9999999 1 -0.4999994
-0.4999999 1 5.960464E-07
1.41561E-07 1 0.5000006
0.5000001 1 1.000001
-0.4999999 1 1.000001
1.41561E-07 1 0.5000006
0.5000001 1 5.960464E-07
1 1 -0.4999994
1 1 0.5000006
0.5000001 1 5.960464E-07
1.41561E-07 -0.4999995 -0.9999994
-0.4999999 -0.9999994 -0.9999994
0.5000001 -0.9999994 -0.9999994
1.41561E-07 -0.4999995 -0.9999994
-0.4999999 4.768372E-07 -0.9999994
-0.9999999 0.5000005 -0.9999994
-0.9999999 -0.4999995 -0.9999994
-0.4999999 4.768372E-07 -0.9999994
1.41561E-07 0.5000005 -0.9999994
0.5000001 1 -0.9999994
-0.4999999 1 -0.9999994
1.41561E-07 0.5000005 -0.9999994
0.5000001 4.768372E-07 -0.9999994
1 -0.4999995 -0.9999994
1 0.5000005 -0.9999994
0.5000001 4.768372E-07 -0.9999994
1 -0.4999995 5.960464E-07
1 -0.9999994 -0.4999994
1 -0.9999994 0.5000006
1 -0.4999995 5.960464E-07
1 4.768372E-07 -0.4999994
1 0.5000005 -0.9999994
1 -0.4999995 -0.9999994
1 4.768372E-07 -0.4999994
1 0.5000005 5.960464E-07
1 1 0.5000006
1 1 -0.4999994
1 0.5000005 5.960464E-07
1 4.768372E-07 0.5000006
1 -0.4999995 1.000001
1 0.5000005 1.000001
1 4.768372E-07 0.5000006
1.41561E-07 -0.4999995 1.000001
0.5000001 -0.9999994 1.000001
-0.4999999 -0.9999994 1.000001
1.41561E-07 -0.4999995 1.000001
0.5000001 4.768372E-07 1.000001
1 0.5000005 1.000001
1 -0.4999995 1.000001
0.5000001 4.768372E-07 1.000001
1.41561E-07 0.5000005 1.000001
-0.4999999 1 1.000001
0.5000001 1 1.000001
1.41561E-07 0.5000005 1.000001
-0.4999999 4.768372E-07 1.000001
-0.9999999 -0.4999995 1.000001
-0.9999999 0.5000005 1.000001
-0.4999999 4.768372E-07 1.000001
-0.9999999 -0.4999995 5.960464E-07
-0.9999999 -0.9999994 0.5000006
-0.9999999 -0.9999994 -0.4999994
-0.9999999 -0.4999995 5.960464E-07
-0.9999999 4.768372E-07 0.5000006
-0.9999999 0.5000005 1.000001
-0.9999999 -0.4999995 1.000001
-0.9999999 4.768372E-07 0.5000006
-0.9999999 0.5000005 5.960464E-07
-0.9999999 1 -0.4999994
-0.9999999 1 0.5000006
-0.9999999 0.5000005 5.960464E-07
-0.9999999 4.768372E-07 -0.4999994
-0.9999999 -0.4999995 -0.9999994
-0.9999999 0.5000005 -0.9999994
-0.9999999 4.768372E-07 -0.4999994
1.41561E-07 -0.9999994 -0.4999994
0.5000001 -0.9999994 -0.9999994
-0.4999999 -0.9999994 -0.9999994
1.41561E-07 -0.9999994 -0.4999994
0.5000001 -0.9999994 5.960464E-07
1 -0.9999994 0.5000006
1 -0.9999994 -0.4999994
0.5000001 -0.9999994 5.960464E-07
1.41561E-07 -0.9999994 0.5000006
-0.4999999 -0.9999994 1.000001
0.5000001 -0.9999994 1.000001
1.41561E-07 -0.9999994 0.5000006
-0.4999999 -0.9999994 5.960464E-07
-0.9999999 -0.9999994 -0.4999994
-0.9999999 -0.9999994 0.5000006
-0.4999999 -0.9999994 5.960464E-07
-0.2499999 1 -0.7499994
-0.2499999 1 -0.2499994
-0.7499999 1 -0.7499994
-0.2499999 1 -0.7499994
0.2500001 1 -0.7499994
0.7500001 1 -0.7499994
0.2500001 1 -0.2499994
0.2500001 1 -0.7499994
-0.7499999 1 0.2500006
-0.2499999 1 0.2500006
-0.7499999 1 0.7500006
-0.7499999 1 0.2500006
-0.7499999 1 -0.2499994
-0.7499999 1 -0.7499994
-0.2499999 1 -0.2499994
-0.7499999 1 -0.2499994
0.2500001 1 0.7500006
0.2500001 1 0.2500006
0.7500001 1 0.7500006
0.2500001 1 0.7500006
-0.2499999 1 0.7500006
-0.7499999 1 0.7500006
-0.2499999 1 0.2500006
-0.2499999 1 0.7500006
0.7500001 1 -0.2499994
0.2500001 1 -0.2499994
0.7500001 1 -0.7499994
0.7500001 1 -0.2499994
0.7500001 1 0.2500006
0.7500001 1 0.7500006
0.2500001 1 0.2500006
0.7500001 1 0.2500006
-0.2499999 -0.7499995 -0.9999994
-0.2499999 -0.2499995 -0.9999994
-0.7499999 -0.7499995 -0.9999994
-0.2499999 -0.7499995 -0.9999994
0.2500001 -0.7499995 -0.9999994
0.7500001 -0.7499995 -0.9999994
0.2500001 -0.2499995 -0.9999994
0.2500001 -0.7499995 -0.9999994
-0.7499999 0.2500005 -0.9999994
-0.2499999 0.2500005 -0.9999994
-0.7499999 0.7500005 -0.9999994
-0.7499999 0.2500005 -0.9999994
-0.7499999 -0.2499995 -0.9999994
-0.7499999 -0.7499995 -0.9999994
-0.2499999 -0.2499995 -0.9999994
-0.7499999 -0.2499995 -0.9999994
0.2500001 0.7500005 -0.9999994
0.2500001 0.2500005 -0.9999994
0.7500001 0.7500005 -0.9999994
0.2500001 0.7500005 -0.9999994
-0.2499999 0.7500005 -0.9999994
-0.7499999 0.7500005 -0.9999994
-0.2499999 0.2500005 -0.9999994
-0.2499999 0.7500005 -0.9999994
0.7500001 -0.2499995 -0.9999994
0.2500001 -0.2499995 -0.9999994
0.7500001 -0.7499995 -0.9999994
0.7500001 -0.2499995 -0.9999994
0.7500001 0.2500005 -0.9999994
0.7500001 0.7500005 -0.9999994
0.2500001 0.2500005 -0.9999994
0.7500001 0.2500005 -0.9999994
1 -0.7499995 -0.2499994
1 -0.2499995 -0.2499994
1 -0.7499995 -0.7499994
1 -0.7499995 -0.2499994
1 -0.7499995 0.2500006
1 -0.7499995 0.7500006
1 -0.2499995 0.2500006
1 -0.7499995 0.2500006
1 0.2500005 -0.7499994
1 0.2500005 -0.2499994
1 0.7500005 -0.7499994
1 0.2500005 -0.7499994
1 -0.2499995 -0.7499994
1 -0.7499995 -0.7499994
1 -0.2499995 -0.2499994
1 -0.2499995 -0.7499994
1 0.7500005 0.2500006
1 0.2500005 0.2500006
1 0.7500005 0.7500006
1 0.7500005 0.2500006
1 0.7500005 -0.2499994
1 0.7500005 -0.7499994
1 0.2500005 -0.2499994
1 0.7500005 -0.2499994
1 -0.2499995 0.7500006
1 -0.2499995 0.2500006
1 -0.7499995 0.7500006
1 -0.2499995 0.7500006
1 0.2500005 0.7500006
1 0.7500005 0.7500006
1 0.2500005 0.2500006
1 0.2500005 0.7500006
0.2500001 -0.7499995 1.000001
0.2500001 -0.2499995 1.000001
0.7500001 -0.7499995 1.000001
0.2500001 -0.7499995 1.000001
-0.2499999 -0.7499995 1.000001
-0.7499999 -0.7499995 1.000001
-0.2499999 -0.2499995 1.000001
-0.2499999 -0.7499995 1.000001
0.7500001 0.2500005 1.000001
0.2500001 0.2500005 1.000001
0.7500001 0.7500005 1.000001
0.7500001 0.2500005 1.000001
0.7500001 -0.2499995 1.000001
0.7500001 -0.7499995 1.000001
0.2500001 -0.2499995 1.000001
0.7500001 -0.2499995 1.000001
-0.2499999 0.7500005 1.000001
-0.2499999 0.2500005 1.000001
-0.7499999 0.7500005 1.000001
-0.2499999 0.7500005 1.000001
0.2500001 0.7500005 1.000001
0.7500001 0.7500005 1.000001
0.2500001 0.2500005 1.000001
0.2500001 0.7500005 1.000001
-0.7499999 -0.2499995 1.000001
-0.2499999 -0.2499995 1.000001
-0.7499999 -0.7499995 1.000001
-0.7499999 -0.2499995 1.000001
-0.7499999 0.2500005 1.000001
-0.7499999 0.7500005 1.000001
-0.2499999 0.2500005 1.000001
-0.7499999 0.2500005 1.000001
-0.9999999 -0.7499995 0.2500006
-0.9999999 -0.2499995 0.2500006
-0.9999999 -0.7499995 0.7500006
-0.9999999 -0.7499995 0.2500006
-0.9999999 -0.7499995 -0.2499994
-0.9999999 -0.7499995 -0.7499994
-0.9999999 -0.2499995 -0.2499994
-0.9999999 -0.7499995 -0.2499994
-0.9999999 0.2500005 0.7500006
-0.9999999 0.2500005 0.2500006
-0.9999999 0.7500005 0.7500006
-0.9999999 0.2500005 0.7500006
-0.9999999 -0.2499995 0.7500006
-0.9999999 -0.7499995 0.7500006
-0.9999999 -0.2499995 0.2500006
-0.9999999 -0.2499995 0.7500006
-0.9999999 0.7500005 -0.2499994
-0.9999999 0.2500005 -0.2499994
-0.9999999 0.7500005 -0.7499994
-0.9999999 0.7500005 -0.2499994
-0.9999999 0.7500005 0.2500006
-0.9999999 0.7500005 0.7500006
-0.9999999 0.2500005 0.2500006
-0.9999999 0.7500005 0.2500006
-0.9999999 -0.2499995 -0.7499994
-0.9999999 -0.2499995 -0.2499994
-0.9999999 -0.7499995 -0.7499994
-0.9999999 -0.2499995 -0.7499994
-0.9999999 0.2500005 -0.7499994
-0.9999999 0.7500005 -0.7499994
-0.9999999 0.2500005 -0.2499994
-0.9999999 0.2500005 -0.7499994
0.2500001 -0.9999994 -0.7499994
0.2500001 -0.9999994 -0.2499994
0.7500001 -0.9999994 -0.7499994
0.2500001 -0.9999994 -0.7499994
-0.2499999 -0.9999994 -0.7499994
-0.7499999 -0.9999994 -0.7499994
-0.2499999 -0.9999994 -0.2499994
-0.2499999 -0.9999994 -0.7499994
0.7500001 -0.9999994 0.2500006
0.2500001 -0.9999994 0.2500006
0.7500001 -0.9999994 0.7500006
0.7500001 -0.9999994 0.2500006
0.7500001 -0.9999994 -0.2499994
0.7500001 -0.9999994 -0.7499994
0.2500001 -0.9999994 -0.2499994
0.7500001 -0.9999994 -0.2499994
-0.2499999 -0.9999994 0.7500006
-0.2499999 -0.9999994 0.2500006
-0.7499999 -0.9999994 0.7500006
-0.2499999 -0.9999994 0.7500006
0.2500001 -0.9999994 0.7500006
0.7500001 -0.9999994 0.7500006
0.2500001 -0.9999994 0.2500006
0.2500001 -0.9999994 0.7500006
-0.7499999 -0.9999994 -0.2499994
-0.2499999 -0.9999994 -0.2499994
-0.7499999 -0.9999994 -0.7499994
-0.7499999 -0.9999994 -0.2499994
-0.7499999 -0.9999994 0.2500006
-0.7499999 -0.9999994 0.7500006
-0.2499999 -0.9999994 0.2500006
-0.7499999 -0.9999994 0.2500006


// trójkąty
triangles_count 384
188 92 44
188 20 92
189 92 8
189 44 92
190 93 44
190 4 93
191 93 20
191 44 93
192 94 45
192 20 94
193 94 5
193 45 94
194 95 45
194 8 95
195 95 20
195 45 95
196 96 46
196 21 96
197 96 8
197 46 96
198 97 46
198 7 97
199 97 21
199 46 97
200 98 47
200 21 98
201 98 4
201 47 98
202 99 47
202 8 99
203 99 21
203 47 99
204 100 48
204 22 100
205 100 9
205 48 100
206 101 48
206 6 101
207 101 22
207 48 101
208 102 49
208 22 102
209 102 7
209 49 102
210 103 49
210 9 103
211 103 22
211 49 103
212 104 50
212 23 104
213 104 9
213 50 104
214 105 50
214 5 105
215 105 23
215 50 105
216 106 51
216 23 106
217 106 6
217 51 106
218 107 51
218 9 107
219 107 23
219 51 107
220 108 52
220 24 108
221 108 10
221 52 108
222 109 52
222 0 109
223 109 24
223 52 109
224 110 53
224 24 110
225 110 1
225 53 110
226 111 53
226 10 111
227 111 24
227 53 111
228 112 54
228 25 112
229 112 10
229 54 112
230 113 54
230 4 113
231 113 25
231 54 113
232 114 55
232 25 114
233 114 0
233 55 114
234 115 55
234 10 115
235 115 25
235 55 115
236 116 56
236 26 116
237 116 11
237 56 116
238 117 56
238 5 117
239 117 26
239 56 117
240 118 57
240 26 118
241 118 4
241 57 118
242 119 57
242 11 119
243 119 26
243 57 119
244 120 58
244 27 120
245 120 11
245 58 120
246 121 58
246 1 121
247 121 27
247 58 121
248 122 59
248 27 122
249 122 5
249 59 122
250 123 59
250 11 123
251 123 27
251 59 123
252 124 60
252 28 124
253 124 12
253 60 124
254 125 60
254 1 125
255 125 28
255 60 125
256 126 61
256 28 126
257 126 2
257 61 126
258 127 61
258 12 127
259 127 28
259 61 127
260 128 62
260 29 128
261 128 12
261 62 128
262 129 62
262 5 129
263 129 29
263 62 129
264 130 63
264 29 130
265 130 1
265 63 130
266 131 63
266 12 131
267 131 29
267 63 131
268 132 64
268 30 132
269 132 13
269 64 132
270 133 64
270 6 133
271 133 30
271 64 133
272 134 65
272 30 134
273 134 5
273 65 134
274 135 65
274 13 135
275 135 30
275 65 135
276 136 66
276 31 136
277 136 13
277 66 136
278 137 66
278 2 137
279 137 31
279 66 137
280 138 67
280 31 138
281 138 6
281 67 138
282 139 67
282 13 139
283 139 31
283 67 139
284 140 68
284 32 140
285 140 14
285 68 140
286 141 68
286 2 141
287 141 32
287 68 141
288 142 69
288 32 142
289 142 3
289 69 142
290 143 69
290 14 143
291 143 32
291 69 143
292 144 70
292 33 144
293 144 14
293 70 144
294 145 70
294 6 145
295 145 33
295 70 145
296 146 71
296 33 146
297 146 2
297 71 146
298 147 71
298 14 147
299 147 33
299 71 147
300 148 72
300 34 148
301 148 15
301 72 148
302 149 72
302 7 149
303 149 34
303 72 149
304 150 73
304 34 150
305 150 6
305 73 150
306 151 73
306 15 151
307 151 34
307 73 151
308 152 74
308 35 152
309 152 15
309 74 152
310 153 74
310 3 153
311 153 35
311 74 153
312 154 75
312 35 154
313 154 7
313 75 154
314 155 75
314 15 155
315 155 35
315 75 155
316 156 76
316 36 156
317 156 16
317 76 156
318 157 76
318 3 157
319 157 36
319 76 157
320 158 77
320 36 158
321 158 0
321 77 158
322 159 77
322 16 159
323 159 36
323 77 159
324 160 78
324 37 160
325 160 16
325 78 160
326 161 78
326 7 161
327 161 37
327 78 161
328 162 79
328 37 162
329 162 3
329 79 162
330 163 79
330 16 163
331 163 37
331 79 163
332 164 80
332 38 164
333 164 17
333 80 164
334 165 80
334 4 165
335 165 38
335 80 165
336 166 81
336 38 166
337 166 7
337 81 166
338 167 81
338 17 167
339 167 38
339 81 167
340 168 82
340 39 168
341 168 17
341 82 168
342 169 82
342 0 169
343 169 39
343 82 169
344 170 83
344 39 170
345 170 4
345 83 170
346 171 83
346 17 171
347 171 39
347 83 171
348 172 84
348 40 172
349 172 18
349 84 172
350 173 84
350 1 173
351 173 40
351 84 173
352 174 85
352 40 174
353 174 0
353 85 174
354 175 85
354 18 175
355 175 40
355 85 175
356 176 86
356 41 176
357 176 18
357 86 176
358 177 86
358 2 177
359 177 41
359 86 177
360 178 87
360 41 178
361 178 1
361 87 178
362 179 87
362 18 179
363 179 41
363 87 179
364 180 88
364 42 180
365 180 19
365 88 180
366 181 88
366 3 181
367 181 42
367 88 181
368 182 89
368 42 182
369 182 2
369 89 182
370 183 89
370 19 183
371 183 42
371 89 183
372 184 90
372 43 184
373 184 19
373 90 184
374 185 90
374 0 185
375 185 43
375 90 185
376 186 91
376 43 186
377 186 3
377 91 186
378 187 91
378 19 187
379 187 43
379 91 187


// części
parts_count 1
0 0 0 0 0 0 0 0 0 0 0 0 0 0 0 0 0 0 0 0 0 0 0 0 0 0 0 0 0 0 0 0 0 0 0 0 0 0 0 0 0 0 0 0 0 0 0 0 0 0 0 0 0 0 0 0 0 0 0 0 0 0 0 0 0 0 0 0 0 0 0 0 0 0 0 0 0 0 0 0 0 0 0 0 0 0 0 0 0 0 0 0 0 0 0 0 0 0 0 0 0 0 0 0 0 0 0 0 0 0 0 0 0 0 0 0 0 0 0 0 0 0 0 0 0 0 0 0 0 0 0 0 0 0 0 0 0 0 0 0 0 0 0 0 0 0 0 0 0 0 0 0 0 0 0 0 0 0 0 0 0 0 0 0 0 0 0 0 0 0 0 0 0 0 0 0 0 0 0 0 0 0 0 0 0 0 0 0 0 0 0 0 0 0 0 0 0 0 0 0 0 0 0 0 0 0 0 0 0 0 0 0 0 0 0 0 0 0 0 0 0 0 0 0 0 0 0 0 0 0 0 0 0 0 0 0 0 0 0 0 0 0 0 0 0 0 0 0 0 0 0 0 0 0 0 0 0 0 0 0 0 0 0 0 0 0 0 0 0 0 0 0 0 0 0 0 0 0 0 0 0 0 0 0 0 0 0 0 0 0 0 0 0 0 0 0 0 0 0 0 0 0 0 0 0 0 0 0 0 0 0 0 0 0 0 0 0 0 0 0 0 0 0 0 0 0 0 0 0 0 0 0 0 0 0 0 0 0 0 0 0 0 0 0 0 0 0 0 0 0 0 0 0 0 0 0 0 0 0 0 0 0 0 0 0 0 0 0 0 0 0 0 0 0 0 0 0 0 0 0 0 0 0 0 


// materiały
materials_count 1

mat_name default
rgb 0.6 0.95 0.5
kdCr 1
kdCg 1
kdCb 1
ksCr 1
ksCg 1
ksCb 1
krCr 1
krCg 1
krCb 1
kaCr 1
kaCg 1
kaCb 1
g 1
n 1


// przypisanie materiałów
0 default


// światła
lights_count 0


// kamery
cams_count 0
active 0


// hierarchia
node_count 1

hier_type Mesh
hier_name Szescian
triangle_count 384
0 1 2 3 4 5 6 7 8 9 10 11 12 13 14 15 16 17 18 19 20 21 22 23 24 25 26 27 28 29 30 31 32 33 34 35 36 37 38 39 40 41 42 43 44 45 46 47 48 49 50 51 52 53 54 55 56 57 58 59 60 61 62 63 64 65 66 67 68 69 70 71 72 73 74 75 76 77 78 79 80 81 82 83 84 85 86 87 88 89 90 91 92 93 94 95 96 97 98 99 100 101 102 103 104 105 106 107 108 109 110 111 112 113 114 115 116 117 118 119 120 121 122 123 124 125 126 127 128 129 130 131 132 133 134 135 136 137 138 139 140 141 142 143 144 145 146 147 148 149 150 151 152 153 154 155 156 157 158 159 160 161 162 163 164 165 166 167 168 169 170 171 172 173 174 175 176 177 178 179 180 181 182 183 184 185 186 187 188 189 190 191 192 193 194 195 196 197 198 199 200 201 202 203 204 205 206 207 208 209 210 211 212 213 214 215 216 217 218 219 220 221 222 223 224 225 226 227 228 229 230 231 232 233 234 235 236 237 238 239 240 241 242 243 244 245 246 247 248 249 250 251 252 253 254 255 256 257 258 259 260 261 262 263 264 265 266 267 268 269 270 271 272 273 274 275 276 277 278 279 280 281 282 283 284 285 286 287 288 289 290 291 292 293 294 295 296 297 298 299 300 301 302 303 304 305 306 307 308 309 310 311 312 313 314 315 316 317 318 319 320 321 322 323 324 325 326 327 328 329 330 331 332 333 334 335 336 337 338 339 340 341 342 343 344 345 346 347 348 349 350 351 352 353 354 355 356 357 358 359 360 361 362 363 364 365 366 367 368 369 370 371 372 373 374 375 376 377 378 379 380 381 382 383 
