
// punkty
points_count 274
-0.1837494 -0.982973 -2.888271E-08
-0.1713412 -0.982973 0.06637799
-0.1357924 -0.982973 0.1237912
-0.08190411 -0.982973 0.1644858
-0.01695418 -0.982973 0.1829657
0.05028555 -0.982973 0.176735
0.1107339 -0.982973 0.1466353
0.1562271 -0.982973 0.09673166
0.180621 -0.982973 0.03376393
0.180621 -0.982973 -0.03376389
0.1562271 -0.982973 -0.09673166
0.110734 -0.982973 -0.1466353
0.05028555 -0.982973 -0.176735
-0.01695412 -0.982973 -0.1829657
-0.08190411 -0.982973 -0.1644858
-0.1357924 -0.982973 -0.1237913
-0.1713412 -0.982973 -0.06637799
-0.3612414 -0.9324722 -5.99164E-08
-0.3368476 -0.9324722 0.1304955
-0.2669607 -0.9324722 0.2433668
-0.1610191 -0.9324722 0.3233702
-0.03333116 -0.9324722 0.3597006
0.09885854 -0.9324722 0.3474514
0.2176967 -0.9324722 0.2882771
0.3071339 -0.9324722 0.1901692
0.3550908 -0.9324722 0.06637803
0.3550909 -0.9324722 -0.06637797
0.3071339 -0.9324722 -0.1901692
0.2176968 -0.9324722 -0.288277
0.09885854 -0.9324722 -0.3474514
-0.03333104 -0.9324722 -0.3597006
-0.1610191 -0.9324722 -0.3233702
-0.2669606 -0.9324722 -0.2433669
-0.3368476 -0.9324722 -0.1304955
-0.526432 -0.8502171 -8.879925E-08
-0.4908832 -0.8502171 0.1901692
-0.389038 -0.8502171 0.354655
-0.2346509 -0.8502171 0.4712427
-0.04857308 -0.8502171 0.5241865
0.1440651 -0.8502171 0.506336
0.3172462 -0.8502171 0.420102
0.4475818 -0.8502171 0.2771308
0.5174688 -0.8502171 0.09673175
0.5174688 -0.8502171 -0.09673166
0.4475818 -0.8502171 -0.2771308
0.3172464 -0.8502171 -0.4201019
0.1440651 -0.8502171 -0.506336
-0.0485729 -0.8502171 -0.5241865
-0.2346509 -0.8502171 -0.4712428
-0.3890379 -0.8502171 -0.3546551
-0.4908832 -0.8502171 -0.1901692
-0.6736954 -0.7390089 -1.145476E-07
-0.6282023 -0.7390089 0.2433669
-0.497867 -0.7390089 0.4538656
-0.3002918 -0.7390089 0.6030675
-0.06216085 -0.7390089 0.6708217
0.1843656 -0.7390089 0.6479777
0.4059922 -0.7390089 0.5376208
0.5727876 -0.7390089 0.3546549
0.6622247 -0.7390089 0.1237914
0.6622247 -0.7390089 -0.1237912
0.5727876 -0.7390089 -0.354655
0.4059924 -0.7390089 -0.5376206
0.1843656 -0.7390089 -0.6479777
-0.06216067 -0.7390089 -0.6708217
-0.3002918 -0.7390089 -0.6030675
-0.4978669 -0.7390089 -0.4538657
-0.6282023 -0.7390089 -0.2433669
-0.7980171 -0.6026345 -1.362847E-07
-0.7441288 -0.6026345 0.2882771
-0.5897419 -0.6026345 0.5376205
-0.3557068 -0.6026345 0.7143557
-0.07363188 -0.6026345 0.794613
0.2183878 -0.6026345 0.7675534
0.4809127 -0.6026345 0.6368316
0.6784881 -0.6026345 0.4201019
0.7844296 -0.6026345 0.1466354
0.7844296 -0.6026345 -0.1466353
0.678488 -0.6026345 -0.4201019
0.480913 -0.6026345 -0.6368315
0.2183878 -0.6026345 -0.7675534
-0.07363164 -0.6026345 -0.794613
-0.3557068 -0.6026345 -0.7143557
-0.5897416 -0.6026345 -0.5376207
-0.7441288 -0.6026345 -0.2882771
-0.8951631 -0.4457384 -1.532702E-07
-0.8347147 -0.4457384 0.3233703
-0.6615335 -0.4457384 0.6030674
-0.3990085 -0.4457384 0.8013172
-0.08259541 -0.4457384 0.8913445
0.2449731 -0.4457384 0.8609909
0.5394562 -0.4457384 0.7143559
0.7610832 -0.4457384 0.4712426
0.8799214 -0.4457384 0.164486
0.8799215 -0.4457384 -0.1644858
0.7610832 -0.4457384 -0.4712427
0.5394565 -0.4457384 -0.7143556
0.2449731 -0.4457384 -0.8609909
-0.08259511 -0.4457384 -0.8913446
-0.3990085 -0.4457384 -0.8013173
-0.6615335 -0.4457384 -0.6030676
-0.8347147 -0.4457384 -0.3233702
-0.9618255 -0.2736628 -1.649259E-07
-0.8968756 -0.2736628 0.3474515
-0.7107977 -0.2736628 0.6479776
-0.4287225 -0.2736628 0.860991
-0.08874625 -0.2736628 0.9577227
0.2632161 -0.2736628 0.9251086
0.5796293 -0.2736628 0.7675536
0.8177608 -0.2736628 0.5063359
0.9454488 -0.2736628 0.1767352
0.9454489 -0.2736628 -0.176735
0.8177608 -0.2736628 -0.506336
0.5796296 -0.2736628 -0.7675534
0.2632162 -0.2736628 -0.9251086
-0.08874595 -0.2736628 -0.9577227
-0.4287224 -0.2736628 -0.860991
-0.7107976 -0.2736628 -0.6479778
-0.8968756 -0.2736628 -0.3474515
-0.995734 -0.09226834 -1.708546E-07
-0.9284944 -0.09226834 0.3597007
-0.7358565 -0.09226834 0.6708216
-0.4438368 -0.09226834 0.8913447
-0.09187496 -0.09226834 0.9914865
0.2724956 -0.09226834 0.9577227
0.6000637 -0.09226834 0.7946132
0.8465904 -0.09226834 0.5241864
0.97878 -0.09226834 0.1829659
0.97878 -0.09226834 -0.1829657
0.8465904 -0.09226834 -0.5241865
0.600064 -0.09226834 -0.794613
0.2724957 -0.09226834 -0.9577227
-0.09187466 -0.09226834 -0.9914865
-0.4438367 -0.09226834 -0.8913447
-0.7358562 -0.09226834 -0.6708218
-0.9284944 -0.09226834 -0.3597007
-0.995734 0.09226849 -1.708546E-07
-0.9284944 0.09226849 0.3597007
-0.7358565 0.09226849 0.6708216
-0.4438369 0.09226849 0.8913447
-0.09187496 0.09226849 0.9914865
0.2724956 0.09226849 0.9577227
0.6000637 0.09226849 0.7946132
0.8465904 0.09226849 0.5241864
0.97878 0.09226849 0.1829659
0.97878 0.09226849 -0.1829657
0.8465904 0.09226849 -0.5241865
0.600064 0.09226849 -0.794613
0.2724957 0.09226849 -0.9577227
-0.09187466 0.09226849 -0.9914865
-0.4438367 0.09226849 -0.8913447
-0.7358562 0.09226849 -0.6708218
-0.9284944 0.09226849 -0.3597007
-0.9618255 0.2736631 -1.649259E-07
-0.8968756 0.2736631 0.3474515
-0.7107977 0.2736631 0.6479776
-0.4287225 0.2736631 0.860991
-0.08874625 0.2736631 0.9577227
0.2632161 0.2736631 0.9251086
0.5796293 0.2736631 0.7675536
0.8177608 0.2736631 0.5063359
0.9454488 0.2736631 0.1767352
0.9454489 0.2736631 -0.176735
0.8177608 0.2736631 -0.5063359
0.5796296 0.2736631 -0.7675534
0.2632162 0.2736631 -0.9251086
-0.08874595 0.2736631 -0.9577227
-0.4287224 0.2736631 -0.860991
-0.7107976 0.2736631 -0.6479778
-0.8968756 0.2736631 -0.3474515
-0.8951632 0.4457385 -1.532702E-07
-0.8347148 0.4457385 0.3233703
-0.6615338 0.4457385 0.6030675
-0.3990085 0.4457385 0.8013173
-0.08259541 0.4457385 0.8913447
0.2449731 0.4457385 0.8609911
0.5394562 0.4457385 0.7143559
0.7610834 0.4457385 0.4712427
0.8799216 0.4457385 0.164486
0.8799216 0.4457385 -0.1644858
0.7610833 0.4457385 -0.4712428
0.5394565 0.4457385 -0.7143557
0.2449732 0.4457385 -0.860991
-0.08259517 0.4457385 -0.8913447
-0.3990085 0.4457385 -0.8013173
-0.6615335 0.4457385 -0.6030676
-0.8347148 0.4457385 -0.3233703
-0.7980171 0.6026348 -1.362847E-07
-0.7441288 0.6026348 0.2882771
-0.5897419 0.6026348 0.5376206
-0.3557068 0.6026348 0.7143557
-0.07363188 0.6026348 0.794613
0.2183878 0.6026348 0.7675534
0.4809127 0.6026348 0.6368316
0.6784881 0.6026348 0.4201019
0.7844296 0.6026348 0.1466354
0.7844296 0.6026348 -0.1466353
0.678488 0.6026348 -0.4201019
0.480913 0.6026348 -0.6368315
0.2183879 0.6026348 -0.7675534
-0.07363164 0.6026348 -0.794613
-0.3557068 0.6026348 -0.7143557
-0.5897416 0.6026348 -0.5376207
-0.7441288 0.6026348 -0.2882771
-0.6736955 0.739009 -1.145476E-07
-0.6282024 0.739009 0.243367
-0.497867 0.739009 0.4538657
-0.3002919 0.739009 0.6030676
-0.06216085 0.739009 0.6708217
0.1843656 0.739009 0.6479778
0.4059922 0.739009 0.5376209
0.5727877 0.739009 0.354655
0.6622248 0.739009 0.1237914
0.6622248 0.739009 -0.1237913
0.5727877 0.739009 -0.3546551
0.4059925 0.739009 -0.5376207
0.1843657 0.739009 -0.6479778
-0.06216067 0.739009 -0.6708218
-0.3002918 0.739009 -0.6030676
-0.4978669 0.739009 -0.4538658
-0.6282024 0.739009 -0.2433669
-0.526432 0.8502172 -8.879925E-08
-0.4908833 0.8502172 0.1901692
-0.389038 0.8502172 0.354655
-0.2346509 0.8502172 0.4712428
-0.04857308 0.8502172 0.5241865
0.1440651 0.8502172 0.506336
0.3172462 0.8502172 0.4201021
0.4475818 0.8502172 0.2771308
0.5174688 0.8502172 0.09673176
0.5174688 0.8502172 -0.09673166
0.4475818 0.8502172 -0.2771308
0.3172464 0.8502172 -0.4201019
0.1440651 0.8502172 -0.506336
-0.0485729 0.8502172 -0.5241865
-0.2346509 0.8502172 -0.4712428
-0.389038 0.8502172 -0.3546551
-0.4908833 0.8502172 -0.1901692
-0.3612415 0.9324723 -5.991642E-08
-0.3368477 0.9324723 0.1304955
-0.2669607 0.9324723 0.2433669
-0.1610191 0.9324723 0.3233703
-0.03333116 0.9324723 0.3597006
0.09885857 0.9324723 0.3474515
0.2176968 0.9324723 0.2882771
0.307134 0.9324723 0.1901692
0.3550909 0.9324723 0.06637805
0.3550909 0.9324723 -0.06637799
0.307134 0.9324723 -0.1901692
0.2176969 0.9324723 -0.2882771
0.09885859 0.9324723 -0.3474515
-0.03333104 0.9324723 -0.3597007
-0.1610191 0.9324723 -0.3233703
-0.2669607 0.9324723 -0.2433669
-0.3368477 0.9324723 -0.1304955
-0.1837494 0.9829732 -2.888271E-08
-0.1713412 0.9829732 0.06637799
-0.1357924 0.9829732 0.1237912
-0.08190411 0.9829732 0.1644858
-0.01695418 0.9829732 0.1829657
0.05028555 0.9829732 0.176735
0.1107339 0.9829732 0.1466353
0.1562271 0.9829732 0.09673164
0.1806209 0.9829732 0.03376392
0.180621 0.9829732 -0.03376389
0.1562271 0.9829732 -0.09673166
0.110734 0.9829732 -0.1466353
0.05028555 0.9829732 -0.176735
-0.01695412 0.9829732 -0.1829657
-0.08190411 0.9829732 -0.1644858
-0.1357924 0.9829732 -0.1237912
-0.1713412 0.9829732 -0.06637798
1.192093E-07 1 3.245077E-09
1.192093E-07 -0.9999999 3.245077E-09


// trójkąty
triangles_count 544
0 18 1
0 17 18
1 19 2
1 18 19
2 20 3
2 19 20
3 21 4
3 20 21
4 22 5
4 21 22
5 23 6
5 22 23
6 24 7
6 23 24
7 25 8
7 24 25
8 26 9
8 25 26
9 27 10
9 26 27
10 28 11
10 27 28
11 29 12
11 28 29
12 30 13
12 29 30
13 31 14
13 30 31
14 32 15
14 31 32
15 33 16
15 32 33
16 17 0
16 33 17
17 35 18
17 34 35
18 36 19
18 35 36
19 37 20
19 36 37
20 38 21
20 37 38
21 39 22
21 38 39
22 40 23
22 39 40
23 41 24
23 40 41
24 42 25
24 41 42
25 43 26
25 42 43
26 44 27
26 43 44
27 45 28
27 44 45
28 46 29
28 45 46
29 47 30
29 46 47
30 48 31
30 47 48
31 49 32
31 48 49
32 50 33
32 49 50
33 34 17
33 50 34
34 52 35
34 51 52
35 53 36
35 52 53
36 54 37
36 53 54
37 55 38
37 54 55
38 56 39
38 55 56
39 57 40
39 56 57
40 58 41
40 57 58
41 59 42
41 58 59
42 60 43
42 59 60
43 61 44
43 60 61
44 62 45
44 61 62
45 63 46
45 62 63
46 64 47
46 63 64
47 65 48
47 64 65
48 66 49
48 65 66
49 67 50
49 66 67
50 51 34
50 67 51
51 69 52
51 68 69
52 70 53
52 69 70
53 71 54
53 70 71
54 72 55
54 71 72
55 73 56
55 72 73
56 74 57
56 73 74
57 75 58
57 74 75
58 76 59
58 75 76
59 77 60
59 76 77
60 78 61
60 77 78
61 79 62
61 78 79
62 80 63
62 79 80
63 81 64
63 80 81
64 82 65
64 81 82
65 83 66
65 82 83
66 84 67
66 83 84
67 68 51
67 84 68
68 86 69
68 85 86
69 87 70
69 86 87
70 88 71
70 87 88
71 89 72
71 88 89
72 90 73
72 89 90
73 91 74
73 90 91
74 92 75
74 91 92
75 93 76
75 92 93
76 94 77
76 93 94
77 95 78
77 94 95
78 96 79
78 95 96
79 97 80
79 96 97
80 98 81
80 97 98
81 99 82
81 98 99
82 100 83
82 99 100
83 101 84
83 100 101
84 85 68
84 101 85
85 103 86
85 102 103
86 104 87
86 103 104
87 105 88
87 104 105
88 106 89
88 105 106
89 107 90
89 106 107
90 108 91
90 107 108
91 109 92
91 108 109
92 110 93
92 109 110
93 111 94
93 110 111
94 112 95
94 111 112
95 113 96
95 112 113
96 114 97
96 113 114
97 115 98
97 114 115
98 116 99
98 115 116
99 117 100
99 116 117
100 118 101
100 117 118
101 102 85
101 118 102
102 120 103
102 119 120
103 121 104
103 120 121
104 122 105
104 121 122
105 123 106
105 122 123
106 124 107
106 123 124
107 125 108
107 124 125
108 126 109
108 125 126
109 127 110
109 126 127
110 128 111
110 127 128
111 129 112
111 128 129
112 130 113
112 129 130
113 131 114
113 130 131
114 132 115
114 131 132
115 133 116
115 132 133
116 134 117
116 133 134
117 135 118
117 134 135
118 119 102
118 135 119
119 137 120
119 136 137
120 138 121
120 137 138
121 139 122
121 138 139
122 140 123
122 139 140
123 141 124
123 140 141
124 142 125
124 141 142
125 143 126
125 142 143
126 144 127
126 143 144
127 145 128
127 144 145
128 146 129
128 145 146
129 147 130
129 146 147
130 148 131
130 147 148
131 149 132
131 148 149
132 150 133
132 149 150
133 151 134
133 150 151
134 152 135
134 151 152
135 136 119
135 152 136
136 154 137
136 153 154
137 155 138
137 154 155
138 156 139
138 155 156
139 157 140
139 156 157
140 158 141
140 157 158
141 159 142
141 158 159
142 160 143
142 159 160
143 161 144
143 160 161
144 162 145
144 161 162
145 163 146
145 162 163
146 164 147
146 163 164
147 165 148
147 164 165
148 166 149
148 165 166
149 167 150
149 166 167
150 168 151
150 167 168
151 169 152
151 168 169
152 153 136
152 169 153
153 171 154
153 170 171
154 172 155
154 171 172
155 173 156
155 172 173
156 174 157
156 173 174
157 175 158
157 174 175
158 176 159
158 175 176
159 177 160
159 176 177
160 178 161
160 177 178
161 179 162
161 178 179
162 180 163
162 179 180
163 181 164
163 180 181
164 182 165
164 181 182
165 183 166
165 182 183
166 184 167
166 183 184
167 185 168
167 184 185
168 186 169
168 185 186
169 170 153
169 186 170
170 188 171
170 187 188
171 189 172
171 188 189
172 190 173
172 189 190
173 191 174
173 190 191
174 192 175
174 191 192
175 193 176
175 192 193
176 194 177
176 193 194
177 195 178
177 194 195
178 196 179
178 195 196
179 197 180
179 196 197
180 198 181
180 197 198
181 199 182
181 198 199
182 200 183
182 199 200
183 201 184
183 200 201
184 202 185
184 201 202
185 203 186
185 202 203
186 187 170
186 203 187
187 205 188
187 204 205
188 206 189
188 205 206
189 207 190
189 206 207
190 208 191
190 207 208
191 209 192
191 208 209
192 210 193
192 209 210
193 211 194
193 210 211
194 212 195
194 211 212
195 213 196
195 212 213
196 214 197
196 213 214
197 215 198
197 214 215
198 216 199
198 215 216
199 217 200
199 216 217
200 218 201
200 217 218
201 219 202
201 218 219
202 220 203
202 219 220
203 204 187
203 220 204
204 222 205
204 221 222
205 223 206
205 222 223
206 224 207
206 223 224
207 225 208
207 224 225
208 226 209
208 225 226
209 227 210
209 226 227
210 228 211
210 227 228
211 229 212
211 228 229
212 230 213
212 229 230
213 231 214
213 230 231
214 232 215
214 231 232
215 233 216
215 232 233
216 234 217
216 233 234
217 235 218
217 234 235
218 236 219
218 235 236
219 237 220
219 236 237
220 221 204
220 237 221
221 239 222
221 238 239
222 240 223
222 239 240
223 241 224
223 240 241
224 242 225
224 241 242
225 243 226
225 242 243
226 244 227
226 243 244
227 245 228
227 244 245
228 246 229
228 245 246
229 247 230
229 246 247
230 248 231
230 247 248
231 249 232
231 248 249
232 250 233
232 249 250
233 251 234
233 250 251
234 252 235
234 251 252
235 253 236
235 252 253
236 254 237
236 253 254
237 238 221
237 254 238
238 256 239
238 255 256
239 257 240
239 256 257
240 258 241
240 257 258
241 259 242
241 258 259
242 260 243
242 259 260
243 261 244
243 260 261
244 262 245
244 261 262
245 263 246
245 262 263
246 264 247
246 263 264
247 265 248
247 264 265
248 266 249
248 265 266
249 267 250
249 266 267
250 268 251
250 267 268
251 269 252
251 268 269
252 270 253
252 269 270
253 271 254
253 270 271
254 255 238
254 271 255
273 0 1
256 255 272
273 1 2
257 256 272
273 2 3
258 257 272
273 3 4
259 258 272
273 4 5
260 259 272
273 5 6
261 260 272
273 6 7
262 261 272
273 7 8
263 262 272
273 8 9
264 263 272
273 9 10
265 264 272
273 10 11
266 265 272
273 11 12
267 266 272
273 12 13
268 267 272
273 13 14
269 268 272
273 14 15
270 269 272
273 15 16
271 270 272
273 16 0
255 271 272


// części
parts_count 1
0 0 0 0 0 0 0 0 0 0 0 0 0 0 0 0 0 0 0 0 0 0 0 0 0 0 0 0 0 0 0 0 0 0 0 0 0 0 0 0 0 0 0 0 0 0 0 0 0 0 0 0 0 0 0 0 0 0 0 0 0 0 0 0 0 0 0 0 0 0 0 0 0 0 0 0 0 0 0 0 0 0 0 0 0 0 0 0 0 0 0 0 0 0 0 0 0 0 0 0 0 0 0 0 0 0 0 0 0 0 0 0 0 0 0 0 0 0 0 0 0 0 0 0 0 0 0 0 0 0 0 0 0 0 0 0 0 0 0 0 0 0 0 0 0 0 0 0 0 0 0 0 0 0 0 0 0 0 0 0 0 0 0 0 0 0 0 0 0 0 0 0 0 0 0 0 0 0 0 0 0 0 0 0 0 0 0 0 0 0 0 0 0 0 0 0 0 0 0 0 0 0 0 0 0 0 0 0 0 0 0 0 0 0 0 0 0 0 0 0 0 0 0 0 0 0 0 0 0 0 0 0 0 0 0 0 0 0 0 0 0 0 0 0 0 0 0 0 0 0 0 0 0 0 0 0 0 0 0 0 0 0 0 0 0 0 0 0 0 0 0 0 0 0 0 0 0 0 0 0 0 0 0 0 0 0 0 0 0 0 0 0 0 0 0 0 0 0 0 0 0 0 0 0 0 0 0 0 0 0 0 0 0 0 0 0 0 0 0 0 0 0 0 0 0 0 0 0 0 0 0 0 0 0 0 0 0 0 0 0 0 0 0 0 0 0 0 0 0 0 0 0 0 0 0 0 0 0 0 0 0 0 0 0 0 0 0 0 0 0 0 0 0 0 0 0 0 0 0 0 0 0 0 0 0 0 0 0 0 0 0 0 0 0 0 0 0 0 0 0 0 0 0 0 0 0 0 0 0 0 0 0 0 0 0 0 0 0 0 0 0 0 0 0 0 0 0 0 0 0 0 0 0 0 0 0 0 0 0 0 0 0 0 0 0 0 0 0 0 0 0 0 0 0 0 0 0 0 0 0 0 0 0 0 0 0 0 0 0 0 0 0 0 0 0 0 0 0 0 0 0 0 0 0 0 0 0 0 0 0 0 0 0 0 0 0 0 0 0 0 0 0 0 0 0 0 0 0 0 0 0 0 0 0 0 0 0 0 0 0 0 0 0 0 0 0 0 0 0 0 0 0 0 0 0 0 0 0 0 0 0 0 0 0 


// materiały
materials_count 1

mat_name default
rgb 0.6 0.95 0.5
kdCr 1
kdCg 1
kdCb 1
ksCr 1
ksCg 1
ksCb 1
krCr 1
krCg 1
krCb 1
kaCr 1
kaCg 1
kaCb 1
g 1
n 1


// przypisanie materiałów
0 default


// światła
lights_count 0


// kamery
cams_count 0
active 0


// hierarchia
node_count 1

hier_type Mesh
hier_name Kula
triangle_count 544
0 1 2 3 4 5 6 7 8 9 10 11 12 13 14 15 16 17 18 19 20 21 22 23 24 25 26 27 28 29 30 31 32 33 34 35 36 37 38 39 40 41 42 43 44 45 46 47 48 49 50 51 52 53 54 55 56 57 58 59 60 61 62 63 64 65 66 67 68 69 70 71 72 73 74 75 76 77 78 79 80 81 82 83 84 85 86 87 88 89 90 91 92 93 94 95 96 97 98 99 100 101 102 103 104 105 106 107 108 109 110 111 112 113 114 115 116 117 118 119 120 121 122 123 124 125 126 127 128 129 130 131 132 133 134 135 136 137 138 139 140 141 142 143 144 145 146 147 148 149 150 151 152 153 154 155 156 157 158 159 160 161 162 163 164 165 166 167 168 169 170 171 172 173 174 175 176 177 178 179 180 181 182 183 184 185 186 187 188 189 190 191 192 193 194 195 196 197 198 199 200 201 202 203 204 205 206 207 208 209 210 211 212 213 214 215 216 217 218 219 220 221 222 223 224 225 226 227 228 229 230 231 232 233 234 235 236 237 238 239 240 241 242 243 244 245 246 247 248 249 250 251 252 253 254 255 256 257 258 259 260 261 262 263 264 265 266 267 268 269 270 271 272 273 274 275 276 277 278 279 280 281 282 283 284 285 286 287 288 289 290 291 292 293 294 295 296 297 298 299 300 301 302 303 304 305 306 307 308 309 310 311 312 313 314 315 316 317 318 319 320 321 322 323 324 325 326 327 328 329 330 331 332 333 334 335 336 337 338 339 340 341 342 343 344 345 346 347 348 349 350 351 352 353 354 355 356 357 358 359 360 361 362 363 364 365 366 367 368 369 370 371 372 373 374 375 376 377 378 379 380 381 382 383 384 385 386 387 388 389 390 391 392 393 394 395 396 397 398 399 400 401 402 403 404 405 406 407 408 409 410 411 412 413 414 415 416 417 418 419 420 421 422 423 424 425 426 427 428 429 430 431 432 433 434 435 436 437 438 439 440 441 442 443 444 445 446 447 448 449 450 451 452 453 454 455 456 457 458 459 460 461 462 463 464 465 466 467 468 469 470 471 472 473 474 475 476 477 478 479 480 481 482 483 484 485 486 487 488 489 490 491 492 493 494 495 496 497 498 499 500 501 502 503 504 505 506 507 508 509 510 511 512 513 514 515 516 517 518 519 520 521 522 523 524 525 526 527 528 529 530 531 532 533 534 535 536 537 538 539 540 541 542 543 
