
// punkty
points_count 926
-2.074805 -2.401788 -0.03135024
-1.835145 -2.401788 0.1676514
-1.145115 -2.401788 0.3426498
-0.08795547 -2.401788 0.4725393
1.20889 -2.401788 0.5416515
2.589022 -2.401788 0.5416515
3.885809 -2.401788 0.4725392
4.943026 -2.401788 0.34265
5.633189 -2.401788 0.1676514
5.872781 -2.401788 -0.03135008
5.633189 -2.401788 -0.2303516
4.943026 -2.401788 -0.4053502
3.885809 -2.401788 -0.5352395
2.589022 -2.401788 -0.6043518
1.208924 -2.401788 -0.6043518
-0.08795547 -2.401788 -0.5352395
-1.145115 -2.401788 -0.4053504
-1.835145 -2.401788 -0.2303516
-5.927905 -2.286065 -0.03135033
-5.455815 -2.286065 0.3606055
-4.096775 -2.286065 0.7052855
-2.014375 -2.286065 0.9611168
0.5399046 -2.286065 1.097241
3.258128 -2.286065 1.097241
5.812402 -2.286065 0.9611165
7.8948 -2.286065 0.7052855
9.253799 -2.286065 0.3606055
9.725876 -2.286065 -0.03135003
9.253799 -2.286065 -0.4233058
7.8948 -2.286065 -0.7679858
5.812402 -2.286065 -1.023817
3.258128 -2.286065 -1.159941
0.5399046 -2.286065 -1.159941
-2.014375 -2.286065 -1.023817
-4.096775 -2.286065 -0.7679858
-5.455815 -2.286065 -0.4233059
-9.543164 -2.097108 -0.03135043
-8.853095 -2.097108 0.5416515
-6.866105 -2.097108 1.04554
-3.822065 -2.097108 1.41954
-0.08795547 -2.097108 1.618541
3.885809 -2.097108 1.618541
7.620123 -2.097108 1.41954
10.66411 -2.097108 1.04554
12.65102 -2.097108 0.5416515
13.34106 -2.097108 -0.03134999
12.65102 -2.097108 -0.6043516
10.66411 -2.097108 -1.10824
7.620123 -2.097108 -1.48224
3.885809 -2.097108 -1.681241
-0.08795547 -2.097108 -1.681241
-3.822065 -2.097108 -1.48224
-6.866105 -2.097108 -1.10824
-8.853095 -2.097108 -0.6043518
-12.8107 -1.84066 -0.03135051
-11.92367 -1.84066 0.7052863
-9.369275 -1.84066 1.353072
-5.455815 -1.84066 1.833878
-0.655345 -1.84066 2.089706
4.453258 -1.84066 2.089706
9.253799 -1.84066 1.833877
13.16732 -1.84066 1.353072
15.72161 -1.84066 0.7052863
16.60869 -1.84066 -0.03134995
15.72161 -1.84066 -0.7679861
13.16732 -1.84066 -1.415772
9.253799 -1.84066 -1.896578
4.453258 -1.84066 -2.152406
-0.655345 -1.84066 -2.152406
-5.455815 -1.84066 -1.896578
-9.369275 -1.84066 -1.415772
-11.92367 -1.84066 -0.7679861
-15.63139 -1.524506 -0.03135058
-14.5741 -1.524506 0.8465394
-11.53005 -1.524506 1.61854
-6.866105 -1.524506 2.191542
-1.145115 -1.524506 2.496428
4.943026 -1.524506 2.496428
10.66411 -1.524506 2.191541
15.32797 -1.524506 1.618541
18.37216 -1.524506 0.8465394
19.42926 -1.524506 -0.03134991
18.37216 -1.524506 -0.9092391
15.328 -1.524506 -1.68124
10.66411 -1.524506 -2.254242
4.943026 -1.524506 -2.559128
-1.145115 -1.524506 -2.559128
-6.866105 -1.524506 -2.254242
-11.53005 -1.524506 -1.681241
-14.5741 -1.524506 -0.9092396
-17.91927 -1.158253 -0.03135064
-16.72427 -1.158253 0.9611179
-13.28277 -1.158253 1.833877
-8.010175 -1.158253 2.481666
-1.542336 -1.158253 2.826347
5.34034 -1.158253 2.826347
11.80815 -1.158253 2.481664
17.08064 -1.158253 1.833878
20.5221 -1.158253 0.9611179
21.71729 -1.158253 -0.03134988
20.5221 -1.158253 -1.023817
17.08064 -1.158253 -1.896578
11.80815 -1.158253 -2.544366
5.34034 -1.158253 -2.889047
-1.542336 -1.158253 -2.889047
-8.010175 -1.158253 -2.544366
-13.28277 -1.158253 -1.896578
-16.72427 -1.158253 -1.023818
-19.60518 -0.7530391 -0.03135068
-18.30836 -0.7530391 1.045541
-14.5741 -0.7530391 1.992541
-8.853095 -0.7530391 2.695431
-1.835255 -0.7530391 3.069434
5.633189 -0.7530391 3.069434
12.65102 -0.7530391 2.695431
18.37216 -0.7530391 1.992542
22.10621 -0.7530391 1.045541
23.4031 -0.7530391 -0.03134986
22.10621 -0.7530391 -1.10824
18.37216 -0.7530391 -2.055241
12.65102 -0.7530391 -2.758131
5.633189 -0.7530391 -3.132134
-1.835145 -0.7530391 -3.132134
-8.853095 -0.7530391 -2.758131
-14.5741 -0.7530391 -2.055242
-18.30836 -0.7530391 -1.108241
-20.63765 -0.3211682 -0.03135071
-19.27848 -0.3211682 1.097242
-15.36498 -0.3211682 2.089706
-9.369275 -0.3211682 2.826347
-2.014405 -0.3211682 3.218301
5.812402 -0.3211682 3.218301
13.16732 -0.3211682 2.826346
19.163 -0.3211682 2.089706
23.07644 -0.3211682 1.097242
24.43559 -0.3211682 -0.03134985
23.07644 -0.3211682 -1.159942
19.163 -0.3211682 -2.152406
13.16732 -0.3211682 -2.889047
5.812402 -0.3211682 -3.281001
-2.014375 -0.3211682 -3.281001
-9.369275 -0.3211682 -2.889047
-15.36498 -0.3211682 -2.152406
-19.27848 -0.3211682 -1.159942
-20.98516 0.1242378 -0.03135072
-19.60518 0.1242378 1.114653
-15.63139 0.1242378 2.12243
-9.543164 0.1242378 2.870432
-2.074865 0.1242378 3.268432
5.872781 0.1242378 3.268432
13.34107 0.1242378 2.870432
19.42926 0.1242378 2.122431
23.4031 0.1242378 1.114653
24.78315 0.1242378 -0.03134984
23.4031 0.1242378 -1.177353
19.42926 0.1242378 -2.18513
13.34106 0.1242378 -2.933132
5.872781 0.1242378 -3.331132
-2.074805 0.1242378 -3.331132
-9.543164 0.1242378 -2.933132
-15.63139 0.1242378 -2.185131
-19.60518 0.1242378 -1.177353
-20.63765 0.569644 -0.03135071
-19.27848 0.569644 1.097242
-15.36498 0.569644 2.089706
-9.369275 0.569644 2.826347
-2.014405 0.569644 3.218301
5.812402 0.569644 3.218301
13.16732 0.569644 2.826347
19.163 0.569644 2.089706
23.07644 0.569644 1.097242
24.43559 0.569644 -0.03134985
23.07644 0.569644 -1.159942
19.163 0.569644 -2.152406
13.16732 0.569644 -2.889047
5.812402 0.569644 -3.281001
-2.014375 0.569644 -3.281001
-9.369275 0.569644 -2.889047
-15.36498 0.569644 -2.152406
-19.27848 0.569644 -1.159942
-19.60518 1.001519 -0.03135068
-18.30836 1.001519 1.045541
-14.5741 1.001519 1.992541
-8.853095 1.001519 2.695431
-1.835255 1.001519 3.069434
5.633189 1.001519 3.069434
12.65102 1.001519 2.695431
18.37216 1.001519 1.992542
22.10621 1.001519 1.045541
23.4031 1.001519 -0.03134986
22.10621 1.001519 -1.10824
18.37218 1.001519 -2.055241
12.65102 1.001519 -2.758131
5.633189 1.001519 -3.132134
-1.835145 1.001519 -3.132134
-8.853095 1.001519 -2.758131
-14.5741 1.001519 -2.055242
-18.30836 1.001519 -1.108241
-17.91924 1.40673 -0.03135064
-16.72427 1.40673 0.9611177
-13.28277 1.40673 1.833877
-8.010175 1.40673 2.481666
-1.542336 1.40673 2.826347
5.34034 1.40673 2.826347
11.80815 1.40673 2.481664
17.08064 1.40673 1.833878
20.52209 1.40673 0.9611179
21.71729 1.40673 -0.03134988
20.52209 1.40673 -1.023817
17.08064 1.40673 -1.896577
11.80815 1.40673 -2.544366
5.34034 1.40673 -2.889047
-1.542336 1.40673 -2.889047
-8.010175 1.40673 -2.544366
-13.28277 1.40673 -1.896578
-16.72427 1.40673 -1.023818
-15.63139 1.772984 -0.03135058
-14.5741 1.772984 0.8465394
-11.53005 1.772984 1.618541
-6.866105 1.772984 2.191542
-1.145115 1.772984 2.496428
4.943026 1.772984 2.496428
10.66411 1.772984 2.191541
15.32797 1.772984 1.618541
18.37216 1.772984 0.8465394
19.42926 1.772984 -0.03134991
18.37216 1.772984 -0.9092394
15.328 1.772984 -1.681241
10.66411 1.772984 -2.254242
4.943026 1.772984 -2.559128
-1.145115 1.772984 -2.559128
-6.866105 1.772984 -2.254242
-11.53005 1.772984 -1.681241
-14.5741 1.772984 -0.9092396
-12.8107 2.089134 -0.03135051
-11.92367 2.089134 0.7052864
-9.369275 2.089134 1.353072
-5.455815 2.089134 1.833878
-0.655345 2.089134 2.089706
4.453258 2.089134 2.089706
9.253799 2.089134 1.833877
13.16732 2.089134 1.353073
15.72161 2.089134 0.7052864
16.60869 2.089134 -0.03134995
15.72161 2.089134 -0.7679861
13.16732 2.089134 -1.415772
9.253799 2.089134 -1.896578
4.453258 2.089134 -2.152406
-0.655345 2.089134 -2.152406
-5.455815 2.089134 -1.896578
-9.369275 2.089134 -1.415773
-11.92367 2.089134 -0.7679865
-9.543164 2.345576 -0.03135043
-8.853095 2.345576 0.5416515
-6.866105 2.345576 1.04554
-3.822065 2.345576 1.41954
-0.08795547 2.345576 1.618541
3.885809 2.345576 1.618541
7.620123 2.345576 1.41954
10.66411 2.345576 1.04554
12.65102 2.345576 0.5416515
13.34106 2.345576 -0.03134999
12.65102 2.345576 -0.6043516
10.66411 2.345576 -1.10824
7.620123 2.345576 -1.48224
3.885809 2.345576 -1.681241
-0.08795547 2.345576 -1.681241
-3.822065 2.345576 -1.48224
-6.866105 2.345576 -1.10824
-8.853095 2.345576 -0.6043518
-5.927905 2.534541 -0.03135033
-5.455815 2.534541 0.3606057
-4.096775 2.534541 0.7052858
-2.014375 2.534541 0.9611171
0.5399046 2.534541 1.097242
3.258128 2.534541 1.097242
5.812402 2.534541 0.9611169
7.8948 2.534541 0.705286
9.253799 2.534541 0.3606057
9.725876 2.534541 -0.03135003
9.253799 2.534541 -0.4233059
7.8948 2.534541 -0.7679861
5.812402 2.534541 -1.023817
3.258128 2.534541 -1.159942
0.5399046 2.534541 -1.159942
-2.014375 2.534541 -1.023817
-4.096775 2.534541 -0.7679861
-5.455815 2.534541 -0.4233059
-2.074805 2.650266 -0.03135024
-1.835145 2.650266 0.1676513
-1.145115 2.650266 0.3426498
-0.08795547 2.650266 0.4725392
1.20889 2.650266 0.5416515
2.589022 2.650266 0.5416515
3.885809 2.650266 0.4725392
4.943026 2.650266 0.34265
5.633189 2.650266 0.1676513
5.872781 2.650266 -0.03135008
5.633189 2.650266 -0.2303516
4.943026 2.650266 -0.4053502
3.885809 2.650266 -0.5352395
2.589022 2.650266 -0.6043516
1.208924 2.650266 -0.6043516
-0.08795547 2.650266 -0.5352395
-1.145115 2.650266 -0.4053504
-1.835145 2.650266 -0.2303516
1.898984 2.689227 -0.03135013
1.898984 -2.440757 -0.03135013
2.379344 0.9256959 7.589334
2.914818 0.9446509 1.84848
1.813537 0.8507159 7.529357
2.349113 0.8696728 1.788494
1.353625 0.73312 7.475944
1.889104 0.7520719 1.735143
1.040283 0.5833588 7.433971
1.575778 0.6023178 1.693113
0.9015064 0.4147439 7.407021
1.436931 0.4336858 1.666149
0.9494085 0.242245 7.397485
1.484907 0.2611969 1.65666
1.179993 0.08120084 7.406237
1.715492 0.1001568 1.665463
1.572577 -0.05408025 7.432639
2.10804 -0.03512812 1.691847
2.092406 -0.1515832 7.474209
2.627878 -0.1326342 1.733404
2.693212 -0.2026422 7.527277
3.228686 -0.1836822 1.786426
3.321652 -0.2027242 7.587123
3.857135 -0.1837652 1.846275
3.921819 -0.1518161 7.648374
4.457272 -0.1328542 1.907504
4.440458 -0.05442905 7.705722
4.975922 -0.03547215 1.96483
4.831457 0.0807519 7.753951
5.366964 0.09970188 2.013071
5.060108 0.2417419 7.78886
5.595573 0.260695 2.047977
5.10604 0.4142268 7.807235
5.641499 0.4331758 2.066454
4.965237 0.582876 7.807578
5.500689 0.6018338 2.066773
4.650119 0.7327189 7.789807
5.185629 0.7516668 2.048967
4.188794 0.8504279 7.755484
4.724245 0.8693869 2.014627
3.622132 0.9255409 7.707679
4.157612 0.9445019 1.966827
3.000634 0.9513948 7.650551
3.536095 0.9703557 1.909763
3.004032 0.3711188 7.603576
3.539516 0.3900728 1.862804
1.020719 0.8418128 12.20784
2.808844 0.8588729 6.8234
0.5388746 0.7743158 12.00748
2.32709 0.7913809 6.623059
0.1482744 0.6684599 11.84014
1.936406 0.6855178 6.455755
-0.1165552 0.5336468 11.72077
1.671598 0.5507119 6.336331
-0.231925 0.3818629 11.65986
1.55617 0.398912 6.27539
-0.1877651 0.2265849 11.66277
1.600375 0.2436428 6.278367
0.01220512 0.08161688 11.72934
1.800339 0.09868097 6.344981
0.3500252 -0.04015923 11.85373
2.138125 -0.02310014 6.469342
0.7958145 -0.1279302 12.02479
2.58394 -0.110872 6.640396
1.30991 -0.1738901 12.22732
3.098037 -0.156821 6.84289
1.846644 -0.1739652 12.44335
3.634782 -0.1568971 7.05892
2.358292 -0.128139 12.65359
4.146407 -0.1110702 7.269134
2.799422 -0.04047418 12.83953
4.587556 -0.02341008 7.455048
3.130839 0.08121395 12.9845
4.919009 0.09827089 7.600044
3.323109 0.2261338 13.07572
5.11124 0.2431948 7.691259
3.35912 0.3813968 13.10498
5.147221 0.3984559 7.7206
3.235703 0.5332119 13.0698
5.023802 0.5502799 7.6854
2.963757 0.6680999 12.97325
4.751918 0.685154 7.588824
2.567543 0.774056 12.8239
4.355653 0.791122 7.439452
2.082155 0.8416679 12.63503
3.870288 0.8587379 7.250595
1.550871 0.8649418 12.42337
3.338977 0.8820128 7.038994
1.564645 0.342593 12.37907
3.352762 0.3596568 6.994712
-1.575525 0.8704078 16.75446
1.295649 0.8860469 11.86106
-2.005025 0.8085439 16.45807
0.8662386 0.8241899 11.5647
-2.352165 0.711525 16.21299
0.5190153 0.7271588 11.31964
-2.586295 0.5879598 16.04104
0.284915 0.6036038 11.14764
-2.686435 0.4488459 15.95742
0.1847248 0.4644709 11.06399
-2.643855 0.3065279 15.96947
0.227335 0.3221648 11.07611
-2.462155 0.1736579 16.07625
0.4090252 0.1892939 11.18295
-2.157685 0.06204391 16.26834
0.7134647 0.07767892 11.37498
-1.757335 -0.0184021 16.52856
1.113833 -0.002770185 11.6352
-1.296745 -0.06052518 16.8338
1.574424 -0.04488111 11.9404
-0.8168354 -0.06059408 17.15694
2.054349 -0.04495215 12.26356
-0.3602552 -0.01859307 17.46922
2.510914 -0.002951145 12.5758
0.03242493 0.0617578 17.74301
2.903623 0.07739592 12.84958
0.3263445 0.173286 17.95388
3.197564 0.1889219 13.06048
0.4953747 0.3061109 18.08318
3.366559 0.3217509 13.18975
0.5245047 0.4484189 18.1193
3.395635 0.4640539 13.22595
0.4111252 0.5875649 18.05916
3.282266 0.6032069 13.1658
0.1652746 0.7111948 17.90805
3.036485 0.726826 13.01467
-0.1910954 0.8083119 17.67939
2.680061 0.8239369 12.78599
-0.6264553 0.8702779 17.39351
2.244724 0.8859229 12.50011
-1.101945 0.8916109 17.07576
1.769198 0.9072528 12.18242
-1.079235 0.4128528 17.0353
1.791909 0.4284928 12.14198
-4.487095 0.8606269 20.99468
-1.074025 0.8743248 16.56135
-4.816835 0.8064218 20.69187
-1.403695 0.820128 16.25858
-5.082396 0.7214148 20.44193
-1.669315 0.735117 16.00865
-5.260316 0.6131508 20.26711
-1.847215 0.6268609 15.83379
-5.334655 0.4912689 20.18288
-1.921576 0.504957 15.74951
-5.298896 0.3665709 20.19662
-1.885825 0.3802729 15.76333
-5.156125 0.2501569 20.30725
-1.743085 0.2638559 15.87401
-4.919205 0.152365 20.50498
-1.506166 0.1660638 16.07168
-4.609015 0.08188081 20.77215
-1.195955 0.09557986 16.33886
-4.253185 0.0449729 21.08506
-0.8401251 0.05867887 16.65172
-3.883315 0.04491591 21.41587
-0.4702549 0.05861998 16.98255
-3.532285 0.08171487 21.73514
-0.1192255 0.09542084 17.30178
-3.231296 0.1521149 22.01464
0.1817846 0.1658199 17.58128
-3.007065 0.249831 22.22941
0.406045 0.2635279 17.79609
-2.879515 0.3662038 22.36047
0.533555 0.3799109 17.92713
-2.859965 0.490896 22.39605
0.5530453 0.5045919 17.96277
-2.950195 0.612808 22.33313
0.4628248 0.6265118 17.89982
-3.142205 0.7211268 22.17721
0.2708845 0.734823 17.74392
-3.418845 0.8062179 21.94217
-0.005805016 0.8199069 17.50886
-3.755645 0.8605099 21.6489
-0.3425856 0.8742189 17.21557
-4.122535 0.879195 21.3234
-0.7095051 0.8929069 16.89013
-4.095225 0.4597309 21.28669
-0.6821947 0.4734359 16.85344
3.032764 -0.1884372 -6.968783
2.954997 -0.1864102 -1.203497
2.466555 -0.09481716 -6.969532
2.3889 -0.09279418 -1.204233
2.007689 0.03792191 -6.965681
1.929931 0.03994894 -1.200445
1.696746 0.198 -6.957718
1.618986 0.2000289 -1.19244
1.561505 0.3711889 -6.946227
1.48366 0.3732378 -1.180917
1.613753 0.5421088 -6.932194
1.536001 0.5441408 -1.166936
1.849129 0.6955569 -6.91691
1.771365 0.6975858 -1.151713
2.246529 0.8179128 -6.901863
2.168748 0.8199458 -1.13667
2.770749 0.8982959 -6.888254
2.692964 0.9003208 -1.122999
3.375142 0.9295588 -6.877308
3.297375 0.9315908 -1.112019
4.006047 0.9089479 -6.870016
3.928271 0.9109728 -1.104743
4.607331 0.8382719 -6.866974
4.529551 0.8403049 -1.101664
5.125647 0.7238038 -6.868545
5.047853 0.7258308 -1.103237
5.514903 0.5757418 -6.874508
5.437129 0.5777748 -1.109173
5.740564 0.4072299 -6.884385
5.662775 0.4092529 -1.119071
5.782494 0.2332339 -6.897223
5.704705 0.2352688 -1.132025
5.637074 0.06922483 -6.912006
5.559296 0.07124281 -1.146794
5.317084 -0.07023811 -6.927359
5.239356 -0.06820822 -1.162048
4.851123 -0.17276 -6.941872
4.773319 -0.1707332 -1.1766
4.280417 -0.2292101 -6.954345
4.202656 -0.2271812 -1.189084
3.655861 -0.2345951 -6.963529
3.578087 -0.232568 -1.198291
3.673294 0.3455739 -6.918304
3.595536 0.347595 -1.153054
2.175502 -0.2065682 -11.82086
3.380488 -0.2454951 -6.276802
1.677582 -0.1222172 -11.67307
2.882684 -0.161139 -6.12904
1.275119 -0.002683163 -11.54853
2.480139 -0.04159212 -6.004571
1.00369 0.1414058 -11.45843
2.208714 0.1024849 -5.914371
0.8875465 0.297241 -11.41061
2.092524 0.2583358 -5.866545
0.9368439 0.45099 -11.40931
2.141865 0.412066 -5.865296
1.1474 0.5889719 -11.45469
2.352427 0.5500529 -5.910733
1.500331 0.6989429 -11.54287
2.705328 0.6600299 -5.998873
1.964409 0.7711248 -11.66585
3.169407 0.7322118 -6.121846
2.498303 0.799099 -11.81273
3.703331 0.7601798 -6.268678
3.05465 0.7804019 -11.97048
4.259664 0.7414839 -6.426463
3.583954 0.7166748 -12.125
4.788936 0.6777449 -6.580943
4.039199 0.6135719 -12.26272
5.244199 0.5746489 -6.718616
4.379962 0.4802778 -12.37125
5.585001 0.441361 -6.827181
4.575968 0.3286169 -12.44105
5.780963 0.2896988 -6.896977
4.60976 0.1720829 -12.46581
5.814767 0.1331639 -6.921815
4.478397 0.02457595 -12.44346
5.683375 -0.01434708 -6.899466
4.193456 -0.1008151 -12.37593
5.398486 -0.139729 -6.83192
3.780358 -0.1929202 -12.26921
4.985354 -0.2318382 -6.725164
3.275708 -0.2435651 -12.1328
4.480733 -0.2824841 -6.588755
2.724489 -0.2482491 -11.97873
3.929486 -0.2871721 -6.43477
2.750613 0.2736609 -11.93489
3.955642 0.2347369 -6.390921
0.2471151 -0.1876261 -16.75495
2.580625 -0.2633812 -11.58403
-0.2091751 -0.1099472 -16.50608
2.124439 -0.1857092 -11.3352
-0.5769749 -0.0001411438 -16.29962
1.756542 -0.07588911 -11.12875
-0.8238449 0.1320698 -16.15392
1.509689 0.05630684 -10.98301
-0.9276752 0.2748919 -16.08188
1.405807 0.1991649 -10.91092
-0.879425 0.415684 -16.08979
1.454107 0.3399339 -10.91891
-0.683135 0.5418978 -16.17707
1.650385 0.4661489 -11.00625
-0.3565054 0.642334 -16.33606
1.976979 0.566597 -11.16518
0.07161522 0.7080698 -16.55249
2.405127 0.6323278 -11.38163
0.5631447 0.733264 -16.80719
2.896645 0.6574998 -11.63629
1.074373 0.7156758 -17.07749
3.4079 0.6399219 -11.90659
1.559896 0.656868 -17.33934
3.8934 0.5811129 -12.16838
1.976564 0.5620539 -17.56956
4.310094 0.4863069 -12.39862
2.287399 0.4396858 -17.74766
4.620938 0.3639369 -12.57671
2.464732 0.3006139 -17.8578
4.798247 0.22486 -12.68688
2.492849 0.1572018 -17.89017
4.826324 0.0814538 -12.71932
2.369216 0.02219296 -17.84199
4.702713 -0.05356121 -12.67111
2.104791 -0.09242225 -17.71747
4.438326 -0.1681631 -12.54658
1.723175 -0.1764522 -17.52769
4.05668 -0.2521811 -12.35676
1.258142 -0.222419 -17.2895
3.591657 -0.2981732 -12.11859
0.7511644 -0.2262592 -17.02401
3.084648 -0.3020091 -11.85318
0.7851353 0.2517719 -16.98292
3.118651 0.1760228 -11.81208
-2.196085 -0.112071 -21.28066
0.724885 -0.2064552 -16.50961
-2.554095 -0.04523516 -21.01478
0.3669052 -0.1396201 -16.24377
-2.841785 0.04997182 -20.79481
0.07918453 -0.04441309 -16.02379
-3.033606 0.1650829 -20.64021
-0.1126347 0.07069683 -15.86916
-3.112425 0.2898638 -20.56476
-0.1914749 0.1955009 -15.79365
-3.071315 0.4132528 -20.57501
-0.1503649 0.3188689 -15.80399
-2.913895 0.5242569 -20.67023
0.007055283 0.4298768 -15.89923
-2.654255 0.613019 -20.84195
0.266715 0.5186369 -16.07093
-2.315295 0.6716659 -21.07485
0.6056547 0.5772798 -16.30385
-1.927255 0.6949759 -21.34826
0.9937048 0.6005869 -16.57722
-1.524535 0.6808748 -21.6379
1.396384 0.5864978 -16.86686
-1.143035 0.6306379 -21.91794
1.777921 0.5362458 -17.14686
-0.816535 0.5486889 -22.16363
2.10442 0.4543059 -17.39254
-0.5741053 0.4423509 -22.35304
2.346876 0.3479688 -17.58197
-0.4372549 0.3210449 -22.46941
2.483707 0.2266548 -17.69836
-0.4181452 0.1955519 -22.50233
2.502741 0.1011789 -17.7313
-0.5184956 0.07704282 -22.44895
2.402421 -0.01733923 -17.67794
-0.7294254 -0.02396703 -22.31399
2.191556 -0.1183541 -17.54299
-1.032095 -0.09851813 -22.10943
1.888839 -0.1928902 -17.33838
-1.399705 -0.1399441 -21.85343
1.521235 -0.2343371 -17.08238
-1.799495 -0.1445971 -21.56872
1.121425 -0.2389922 -16.79773
-1.762475 0.2739949 -21.53064
1.158432 0.1796119 -16.75968
-17.67517 -0.4754071 -0.4352092
-18.72469 5.988723 -0.4352092
-17.19543 -0.7123041 -0.3652498
-18.24495 5.751804 -0.3652498
-16.80841 -0.9033771 -0.2609859
-17.85794 5.560726 -0.2609859
-16.54847 -1.031706 -0.1316828
-17.59803 5.432405 -0.1316828
-16.43882 -1.085878 0.01117421
-17.48835 5.378252 0.01117421
-16.48917 -1.06103 0.1548964
-17.53865 5.403091 0.1548964
-16.69495 -0.9593952 0.28671
-17.74448 5.504704 0.28671
-17.03796 -0.7900031 0.3949021
-18.08751 5.674059 0.3949021
-17.48774 -0.5679452 0.4698561
-18.53725 5.896163 0.4698561
-18.00428 -0.3129301 0.5049053
-19.05378 6.151217 0.5049053
-18.54163 -0.04754114 0.4969514
-19.59118 6.416582 0.4969514
-19.05217 0.204495 0.4467072
-20.10172 6.668603 0.4467072
-19.49049 0.420903 0.3586088
-20.54 6.885036 0.3586088
-19.81757 0.5824189 0.2404975
-20.8671 7.046534 0.2404975
-20.00443 0.6746628 0.1028762
-21.05399 7.138783 0.1028762
-20.03445 0.689487 -0.04204034
-21.084 7.153614 -0.04204034
-19.90493 0.6255758 -0.1813574
-20.95446 7.089664 -0.1813574
-19.62743 0.4885449 -0.3027071
-20.67696 6.952652 -0.3027071
-19.22657 0.2906208 -0.3953099
-20.2761 6.754686 -0.3953099
-18.73796 0.04935288 -0.4509386
-19.78751 6.513505 -0.4509386
-18.20506 -0.2137721 -0.4646431
-19.25462 6.250339 -0.4646431
-18.23919 -0.1969142 0.0208549
-19.28873 6.267214 0.0208549
-16.56733 0.4209378 1.916813
-16.65266 0.3022439 1.864894
-16.90445 0.1940889 1.723633
-17.30035 0.1060979 1.505493
-17.80511 0.04607892 1.229925
-18.37395 0.01936984 0.9213052
-18.95634 0.02833486 0.607174
-19.50043 0.07219386 0.3153095
-19.958 0.1470358 0.07175294
-20.2883 0.2462139 -0.1018913
-20.46206 0.3609238 -0.190119
-20.46373 0.4809618 -0.1852561
-20.29324 0.5956678 -0.08761603
-19.96572 0.6948469 0.09416354
-19.51031 0.7696888 0.3438177
-18.96745 0.8135459 0.6392146
-18.38533 0.8225148 0.9541116
-17.81573 0.795805 1.260547
-17.30928 0.735786 1.531215
-16.9109 0.6477878 1.742194
-16.65604 0.5396388 1.874607
-18.52604 0.4209378 0.8586206
-21.20124 0.4124389 8.575817
-20.41832 0.4535789 -0.1878108
-20.31942 0.3348849 -0.2017278
-20.03514 0.2267299 -0.2520716
-19.59066 0.1387389 -0.3343025
-19.02557 0.07871985 -0.4411339
-18.38998 0.05201077 -0.5630152
-17.74046 0.06097698 -0.6891974
-17.13461 0.104836 -0.8083501
-16.62632 0.1796768 -0.9100119
-16.26078 0.2788548 -0.9850644
-16.07048 0.3935659 -1.026972
-16.07227 0.513603 -1.031782
-16.26603 0.6283088 -0.9992402
-16.63456 0.7274868 -0.9322363
-17.14503 0.8023288 -0.8366659
-17.75217 0.8461869 -0.7210196
-18.402 0.8551559 -0.5955945
-19.03679 0.8284459 -0.4715471
-19.60006 0.7684269 -0.3598561
-20.04192 0.680429 -0.2705095
-20.32296 0.5722799 -0.2113885
-18.23262 0.4535789 -0.6109262
-21.05524 0.4450788 -8.275435
-0.9359951 -1.773801 16.77199
3.969321 -1.751634 16.71334
-0.9426155 -1.319189 16.7296
3.962699 -1.297024 16.67097
-0.9530249 -0.8975921 16.55832
3.952302 -0.8754261 16.49968
-0.9662447 -0.5464661 16.27333
3.939067 -0.524296 16.21467
-0.9811554 -0.2970161 15.89996
3.924179 -0.274847 15.84131
-0.9963951 -0.1713991 15.4714
3.90893 -0.149235 15.41275
-1.010615 -0.180783 15.02571
3.894704 -0.1586192 14.96706
-1.022565 -0.3243411 14.6025
3.882754 -0.30217 14.54386
-1.031175 -0.5893011 14.23938
3.874151 -0.5671332 14.18073
-1.035675 -0.952131 13.96862
3.869651 -0.9299591 13.90997
-1.035686 -1.380586 13.81426
3.86965 -1.358418 13.75561
-1.031175 -1.836602 13.79002
3.874155 -1.814433 13.73137
-1.022565 -2.279656 13.89807
3.882754 -2.257491 13.83943
-1.010615 -2.670383 14.12879
3.894704 -2.648216 14.07014
-0.9963951 -2.974064 14.46169
3.90893 -2.951895 14.40305
-0.9811554 -3.163717 14.86719
3.924179 -3.141548 14.80855
-0.9662447 -3.222484 15.30926
3.939067 -3.200321 15.25061
-0.9530249 -3.145155 15.74861
3.952302 -3.122985 15.68996
-0.942625 -2.938589 16.1462
3.962699 -2.916423 16.08756
-0.9359951 -2.621149 16.46672
3.969321 -2.59898 16.40807
-0.9337149 -2.221038 16.68169
3.971605 -2.198869 16.62304
-0.9849854 -1.690734 15.27874
3.920337 -1.668568 15.22009
1.61856 -1.80776 8.423922
6.523872 -1.785593 8.365282
1.611931 -1.353149 8.381536
6.51725 -1.330984 8.322905
1.60153 -0.9315512 8.210253
6.506853 -0.9093852 8.151622
1.588303 -0.5804241 7.925264
6.493619 -0.5582552 7.866609
1.573399 -0.3309751 7.551894
6.478728 -0.3088062 7.493245
1.558155 -0.2053592 7.123343
6.463482 -0.1831932 7.064694
1.543935 -0.2147422 6.677657
6.449255 -0.1925771 6.619005
1.531984 -0.3583002 6.254443
6.437305 -0.3361282 6.195796
1.523373 -0.62326 5.891325
6.428702 -0.6010921 5.832671
1.518871 -0.9860892 5.620559
6.424203 -0.9639182 5.561908
1.518868 -1.414545 5.466198
6.424201 -1.392377 5.407547
1.523373 -1.870562 5.441966
6.428704 -1.848393 5.383316
1.531984 -2.313616 5.550011
6.437305 -2.291451 5.491367
1.543935 -2.704343 5.780729
6.449255 -2.682175 5.722081
1.558155 -3.008024 6.113633
6.463482 -2.985854 6.054988
1.573399 -3.197677 6.519135
6.478728 -3.175508 6.460493
1.588301 -3.256443 6.961202
6.493619 -3.234281 6.902551
1.601526 -3.179115 7.400548
6.506853 -3.156944 7.341901
1.611924 -2.972548 7.79814
6.51725 -2.950382 7.739497
1.61856 -2.655109 8.118663
6.523872 -2.632939 8.060007
1.620831 -2.254998 8.333628
6.526157 -2.232829 8.274977
1.569567 -1.724693 6.930677
6.474888 -1.702527 6.872033
2.019076 -1.925258 -5.612143
6.924379 -1.903091 -5.670784
2.012445 -1.470646 -5.654528
6.917759 -1.448482 -5.713162
2.002045 -1.049049 -5.825812
6.907359 -1.026883 -5.884445
1.988815 -0.6979222 -6.110802
6.894129 -0.6757522 -6.169454
1.973915 -0.448472 -6.484173
6.879239 -0.4263031 -6.542821
1.958664 -0.3228562 -6.912726
6.863989 -0.3006911 -6.971376
1.944445 -0.3322392 -7.358415
6.84976 -0.310075 -7.417068
1.932495 -0.4757972 -7.781628
6.837809 -0.4536262 -7.840274
1.923885 -0.7407582 -8.144745
6.829209 -0.71859 -8.203399
1.919384 -1.103587 -8.415511
6.82471 -1.081416 -8.474163
1.919384 -1.532043 -8.569873
6.82471 -1.509875 -8.628524
1.923885 -1.988059 -8.594105
6.829209 -1.96589 -8.652755
1.932495 -2.431113 -8.48606
6.837809 -2.408948 -8.544703
1.944445 -2.82184 -8.255341
6.84976 -2.799673 -8.313989
1.958664 -3.125521 -7.922437
6.863989 -3.103352 -7.981082
1.973915 -3.315174 -7.516936
6.879239 -3.293005 -7.575578
1.988815 -3.37394 -7.074868
6.894129 -3.351778 -7.133519
2.002045 -3.296613 -6.635521
6.907359 -3.274442 -6.694167
2.012434 -3.090046 -6.237927
6.917759 -3.067879 -6.296568
2.019076 -2.772606 -5.917404
6.924379 -2.750437 -5.976056
2.021345 -2.372494 -5.702437
6.926659 -2.350325 -5.76109
1.970085 -1.842191 -7.105394
6.875399 -1.820025 -7.164038
0.1590548 -1.891801 -14.76302
5.064372 -1.869634 -14.82166
0.1524248 -1.437189 -14.80541
5.057752 -1.415024 -14.86404
0.142025 -1.015591 -14.97669
5.047352 -0.9934251 -15.03532
0.1287947 -0.6644652 -15.26168
5.034122 -0.6422961 -15.32033
0.1138945 -0.4150152 -15.63505
5.019232 -0.3928471 -15.6937
0.09864521 -0.2893991 -16.0636
5.003982 -0.2672331 -16.12225
0.08442497 -0.2987831 -16.50929
4.989752 -0.2766182 -16.56794
0.07247448 -0.4423401 -16.9325
4.977802 -0.4201691 -16.99115
0.06386471 -0.7073011 -17.29562
4.969202 -0.6851332 -17.35427
0.05936527 -1.070131 -17.56639
4.964702 -1.047958 -17.62504
0.05936527 -1.498586 -17.72075
4.964702 -1.476417 -17.7794
0.06386471 -1.954602 -17.74498
4.969202 -1.932433 -17.80363
0.07247448 -2.397656 -17.63694
4.977802 -2.375491 -17.69558
0.08442497 -2.788383 -17.40622
4.989752 -2.766215 -17.46486
0.09864521 -3.092063 -17.07331
5.003982 -3.069894 -17.13196
0.1138945 -3.281716 -16.66781
5.019232 -3.259548 -16.72645
0.1287947 -3.340483 -16.22574
5.034122 -3.318321 -16.2844
0.142025 -3.263155 -15.7864
5.047352 -3.240984 -15.84504
0.1524153 -3.056588 -15.3888
5.057752 -3.034422 -15.44745
0.1590548 -2.739149 -15.06828
5.064372 -2.71698 -15.12694
0.1613245 -2.339037 -14.85331
5.066652 -2.316868 -14.91197
0.1100645 -1.808734 -16.25627
5.015392 -1.786567 -16.31491


// trójkąty
triangles_count 1788
0 19 1
0 18 19
1 20 2
1 19 20
2 21 3
2 20 21
3 22 4
3 21 22
4 23 5
4 22 23
5 24 6
5 23 24
6 25 7
6 24 25
7 26 8
7 25 26
8 27 9
8 26 27
9 28 10
9 27 28
10 29 11
10 28 29
11 30 12
11 29 30
12 31 13
12 30 31
13 32 14
13 31 32
14 33 15
14 32 33
15 34 16
15 33 34
16 35 17
16 34 35
17 18 0
17 35 18
18 37 19
18 36 37
19 38 20
19 37 38
20 39 21
20 38 39
21 40 22
21 39 40
22 41 23
22 40 41
23 42 24
23 41 42
24 43 25
24 42 43
25 44 26
25 43 44
26 45 27
26 44 45
27 46 28
27 45 46
28 47 29
28 46 47
29 48 30
29 47 48
30 49 31
30 48 49
31 50 32
31 49 50
32 51 33
32 50 51
33 52 34
33 51 52
34 53 35
34 52 53
35 36 18
35 53 36
36 55 37
36 54 55
37 56 38
37 55 56
38 57 39
38 56 57
39 58 40
39 57 58
40 59 41
40 58 59
41 60 42
41 59 60
42 61 43
42 60 61
43 62 44
43 61 62
44 63 45
44 62 63
45 64 46
45 63 64
46 65 47
46 64 65
47 66 48
47 65 66
48 67 49
48 66 67
49 68 50
49 67 68
50 69 51
50 68 69
51 70 52
51 69 70
52 71 53
52 70 71
53 54 36
53 71 54
54 73 55
54 72 73
55 74 56
55 73 74
56 75 57
56 74 75
57 76 58
57 75 76
58 77 59
58 76 77
59 78 60
59 77 78
60 79 61
60 78 79
61 80 62
61 79 80
62 81 63
62 80 81
63 82 64
63 81 82
64 83 65
64 82 83
65 84 66
65 83 84
66 85 67
66 84 85
67 86 68
67 85 86
68 87 69
68 86 87
69 88 70
69 87 88
70 89 71
70 88 89
71 72 54
71 89 72
72 91 73
72 90 91
73 92 74
73 91 92
74 93 75
74 92 93
75 94 76
75 93 94
76 95 77
76 94 95
77 96 78
77 95 96
78 97 79
78 96 97
79 98 80
79 97 98
80 99 81
80 98 99
81 100 82
81 99 100
82 101 83
82 100 101
83 102 84
83 101 102
84 103 85
84 102 103
85 104 86
85 103 104
86 105 87
86 104 105
87 106 88
87 105 106
88 107 89
88 106 107
89 90 72
89 107 90
90 109 91
90 108 109
91 110 92
91 109 110
92 111 93
92 110 111
93 112 94
93 111 112
94 113 95
94 112 113
95 114 96
95 113 114
96 115 97
96 114 115
97 116 98
97 115 116
98 117 99
98 116 117
99 118 100
99 117 118
100 119 101
100 118 119
101 120 102
101 119 120
102 121 103
102 120 121
103 122 104
103 121 122
104 123 105
104 122 123
105 124 106
105 123 124
106 125 107
106 124 125
107 108 90
107 125 108
108 127 109
108 126 127
109 128 110
109 127 128
110 129 111
110 128 129
111 130 112
111 129 130
112 131 113
112 130 131
113 132 114
113 131 132
114 133 115
114 132 133
115 134 116
115 133 134
116 135 117
116 134 135
117 136 118
117 135 136
118 137 119
118 136 137
119 138 120
119 137 138
120 139 121
120 138 139
121 140 122
121 139 140
122 141 123
122 140 141
123 142 124
123 141 142
124 143 125
124 142 143
125 126 108
125 143 126
126 145 127
126 144 145
127 146 128
127 145 146
128 147 129
128 146 147
129 148 130
129 147 148
130 149 131
130 148 149
131 150 132
131 149 150
132 151 133
132 150 151
133 152 134
133 151 152
134 153 135
134 152 153
135 154 136
135 153 154
136 155 137
136 154 155
137 156 138
137 155 156
138 157 139
138 156 157
139 158 140
139 157 158
140 159 141
140 158 159
141 160 142
141 159 160
142 161 143
142 160 161
143 144 126
143 161 144
144 163 145
144 162 163
145 164 146
145 163 164
146 165 147
146 164 165
147 166 148
147 165 166
148 167 149
148 166 167
149 168 150
149 167 168
150 169 151
150 168 169
151 170 152
151 169 170
152 171 153
152 170 171
153 172 154
153 171 172
154 173 155
154 172 173
155 174 156
155 173 174
156 175 157
156 174 175
157 176 158
157 175 176
158 177 159
158 176 177
159 178 160
159 177 178
160 179 161
160 178 179
161 162 144
161 179 162
162 181 163
162 180 181
163 182 164
163 181 182
164 183 165
164 182 183
165 184 166
165 183 184
166 185 167
166 184 185
167 186 168
167 185 186
168 187 169
168 186 187
169 188 170
169 187 188
170 189 171
170 188 189
171 190 172
171 189 190
172 191 173
172 190 191
173 192 174
173 191 192
174 193 175
174 192 193
175 194 176
175 193 194
176 195 177
176 194 195
177 196 178
177 195 196
178 197 179
178 196 197
179 180 162
179 197 180
180 199 181
180 198 199
181 200 182
181 199 200
182 201 183
182 200 201
183 202 184
183 201 202
184 203 185
184 202 203
185 204 186
185 203 204
186 205 187
186 204 205
187 206 188
187 205 206
188 207 189
188 206 207
189 208 190
189 207 208
190 209 191
190 208 209
191 210 192
191 209 210
192 211 193
192 210 211
193 212 194
193 211 212
194 213 195
194 212 213
195 214 196
195 213 214
196 215 197
196 214 215
197 198 180
197 215 198
198 217 199
198 216 217
199 218 200
199 217 218
200 219 201
200 218 219
201 220 202
201 219 220
202 221 203
202 220 221
203 222 204
203 221 222
204 223 205
204 222 223
205 224 206
205 223 224
206 225 207
206 224 225
207 226 208
207 225 226
208 227 209
208 226 227
209 228 210
209 227 228
210 229 211
210 228 229
211 230 212
211 229 230
212 231 213
212 230 231
213 232 214
213 231 232
214 233 215
214 232 233
215 216 198
215 233 216
216 235 217
216 234 235
217 236 218
217 235 236
218 237 219
218 236 237
219 238 220
219 237 238
220 239 221
220 238 239
221 240 222
221 239 240
222 241 223
222 240 241
223 242 224
223 241 242
224 243 225
224 242 243
225 244 226
225 243 244
226 245 227
226 244 245
227 246 228
227 245 246
228 247 229
228 246 247
229 248 230
229 247 248
230 249 231
230 248 249
231 250 232
231 249 250
232 251 233
232 250 251
233 234 216
233 251 234
234 253 235
234 252 253
235 254 236
235 253 254
236 255 237
236 254 255
237 256 238
237 255 256
238 257 239
238 256 257
239 258 240
239 257 258
240 259 241
240 258 259
241 260 242
241 259 260
242 261 243
242 260 261
243 262 244
243 261 262
244 263 245
244 262 263
245 264 246
245 263 264
246 265 247
246 264 265
247 266 248
247 265 266
248 267 249
248 266 267
249 268 250
249 267 268
250 269 251
250 268 269
251 252 234
251 269 252
252 271 253
252 270 271
253 272 254
253 271 272
254 273 255
254 272 273
255 274 256
255 273 274
256 275 257
256 274 275
257 276 258
257 275 276
258 277 259
258 276 277
259 278 260
259 277 278
260 279 261
260 278 279
261 280 262
261 279 280
262 281 263
262 280 281
263 282 264
263 281 282
264 283 265
264 282 283
265 284 266
265 283 284
266 285 267
266 284 285
267 286 268
267 285 286
268 287 269
268 286 287
269 270 252
269 287 270
270 289 271
270 288 289
271 290 272
271 289 290
272 291 273
272 290 291
273 292 274
273 291 292
274 293 275
274 292 293
275 294 276
275 293 294
276 295 277
276 294 295
277 296 278
277 295 296
278 297 279
278 296 297
279 298 280
279 297 298
280 299 281
280 298 299
281 300 282
281 299 300
282 301 283
282 300 301
283 302 284
283 301 302
284 303 285
284 302 303
285 304 286
285 303 304
286 305 287
286 304 305
287 288 270
287 305 288
307 0 1
289 288 306
307 1 2
290 289 306
307 2 3
291 290 306
307 3 4
292 291 306
307 4 5
293 292 306
307 5 6
294 293 306
307 6 7
295 294 306
307 7 8
296 295 306
307 8 9
297 296 306
307 9 10
298 297 306
307 10 11
299 298 306
307 11 12
300 299 306
307 12 13
301 300 306
307 13 14
302 301 306
307 14 15
303 302 306
307 15 16
304 303 306
307 16 17
305 304 306
307 17 0
288 305 306
309 311 351
310 308 350
311 313 351
312 310 350
313 315 351
314 312 350
315 317 351
316 314 350
317 319 351
318 316 350
319 321 351
320 318 350
321 323 351
322 320 350
323 325 351
324 322 350
325 327 351
326 324 350
327 329 351
328 326 350
329 331 351
330 328 350
331 333 351
332 330 350
333 335 351
334 332 350
335 337 351
336 334 350
337 339 351
338 336 350
339 341 351
340 338 350
341 343 351
342 340 350
343 345 351
344 342 350
345 347 351
346 344 350
347 349 351
348 346 350
349 309 351
308 348 350
308 310 309
310 311 309
310 312 311
312 313 311
312 314 313
314 315 313
314 316 315
316 317 315
316 318 317
318 319 317
318 320 319
320 321 319
320 322 321
322 323 321
322 324 323
324 325 323
324 326 325
326 327 325
326 328 327
328 329 327
328 330 329
330 331 329
330 332 331
332 333 331
332 334 333
334 335 333
334 336 335
336 337 335
336 338 337
338 339 337
338 340 339
340 341 339
340 342 341
342 343 341
342 344 343
344 345 343
344 346 345
346 347 345
346 348 347
348 349 347
348 308 349
308 309 349
353 355 395
354 352 394
355 357 395
356 354 394
357 359 395
358 356 394
359 361 395
360 358 394
361 363 395
362 360 394
363 365 395
364 362 394
365 367 395
366 364 394
367 369 395
368 366 394
369 371 395
370 368 394
371 373 395
372 370 394
373 375 395
374 372 394
375 377 395
376 374 394
377 379 395
378 376 394
379 381 395
380 378 394
381 383 395
382 380 394
383 385 395
384 382 394
385 387 395
386 384 394
387 389 395
388 386 394
389 391 395
390 388 394
391 393 395
392 390 394
393 353 395
352 392 394
352 354 353
354 355 353
354 356 355
356 357 355
356 358 357
358 359 357
358 360 359
360 361 359
360 362 361
362 363 361
362 364 363
364 365 363
364 366 365
366 367 365
366 368 367
368 369 367
368 370 369
370 371 369
370 372 371
372 373 371
372 374 373
374 375 373
374 376 375
376 377 375
376 378 377
378 379 377
378 380 379
380 381 379
380 382 381
382 383 381
382 384 383
384 385 383
384 386 385
386 387 385
386 388 387
388 389 387
388 390 389
390 391 389
390 392 391
392 393 391
392 352 393
352 353 393
397 399 439
398 396 438
399 401 439
400 398 438
401 403 439
402 400 438
403 405 439
404 402 438
405 407 439
406 404 438
407 409 439
408 406 438
409 411 439
410 408 438
411 413 439
412 410 438
413 415 439
414 412 438
415 417 439
416 414 438
417 419 439
418 416 438
419 421 439
420 418 438
421 423 439
422 420 438
423 425 439
424 422 438
425 427 439
426 424 438
427 429 439
428 426 438
429 431 439
430 428 438
431 433 439
432 430 438
433 435 439
434 432 438
435 437 439
436 434 438
437 397 439
396 436 438
396 398 397
398 399 397
398 400 399
400 401 399
400 402 401
402 403 401
402 404 403
404 405 403
404 406 405
406 407 405
406 408 407
408 409 407
408 410 409
410 411 409
410 412 411
412 413 411
412 414 413
414 415 413
414 416 415
416 417 415
416 418 417
418 419 417
418 420 419
420 421 419
420 422 421
422 423 421
422 424 423
424 425 423
424 426 425
426 427 425
426 428 427
428 429 427
428 430 429
430 431 429
430 432 431
432 433 431
432 434 433
434 435 433
434 436 435
436 437 435
436 396 437
396 397 437
441 443 483
442 440 482
443 445 483
444 442 482
445 447 483
446 444 482
447 449 483
448 446 482
449 451 483
450 448 482
451 453 483
452 450 482
453 455 483
454 452 482
455 457 483
456 454 482
457 459 483
458 456 482
459 461 483
460 458 482
461 463 483
462 460 482
463 465 483
464 462 482
465 467 483
466 464 482
467 469 483
468 466 482
469 471 483
470 468 482
471 473 483
472 470 482
473 475 483
474 472 482
475 477 483
476 474 482
477 479 483
478 476 482
479 481 483
480 478 482
481 441 483
440 480 482
440 442 441
442 443 441
442 444 443
444 445 443
444 446 445
446 447 445
446 448 447
448 449 447
448 450 449
450 451 449
450 452 451
452 453 451
452 454 453
454 455 453
454 456 455
456 457 455
456 458 457
458 459 457
458 460 459
460 461 459
460 462 461
462 463 461
462 464 463
464 465 463
464 466 465
466 467 465
466 468 467
468 469 467
468 470 469
470 471 469
470 472 471
472 473 471
472 474 473
474 475 473
474 476 475
476 477 475
476 478 477
478 479 477
478 480 479
480 481 479
480 440 481
440 441 481
485 487 527
486 484 526
487 489 527
488 486 526
489 491 527
490 488 526
491 493 527
492 490 526
493 495 527
494 492 526
495 497 527
496 494 526
497 499 527
498 496 526
499 501 527
500 498 526
501 503 527
502 500 526
503 505 527
504 502 526
505 507 527
506 504 526
507 509 527
508 506 526
509 511 527
510 508 526
511 513 527
512 510 526
513 515 527
514 512 526
515 517 527
516 514 526
517 519 527
518 516 526
519 521 527
520 518 526
521 523 527
522 520 526
523 525 527
524 522 526
525 485 527
484 524 526
484 486 485
486 487 485
486 488 487
488 489 487
488 490 489
490 491 489
490 492 491
492 493 491
492 494 493
494 495 493
494 496 495
496 497 495
496 498 497
498 499 497
498 500 499
500 501 499
500 502 501
502 503 501
502 504 503
504 505 503
504 506 505
506 507 505
506 508 507
508 509 507
508 510 509
510 511 509
510 512 511
512 513 511
512 514 513
514 515 513
514 516 515
516 517 515
516 518 517
518 519 517
518 520 519
520 521 519
520 522 521
522 523 521
522 524 523
524 525 523
524 484 525
484 485 525
529 531 571
530 528 570
531 533 571
532 530 570
533 535 571
534 532 570
535 537 571
536 534 570
537 539 571
538 536 570
539 541 571
540 538 570
541 543 571
542 540 570
543 545 571
544 542 570
545 547 571
546 544 570
547 549 571
548 546 570
549 551 571
550 548 570
551 553 571
552 550 570
553 555 571
554 552 570
555 557 571
556 554 570
557 559 571
558 556 570
559 561 571
560 558 570
561 563 571
562 560 570
563 565 571
564 562 570
565 567 571
566 564 570
567 569 571
568 566 570
569 529 571
528 568 570
528 530 529
530 531 529
530 532 531
532 533 531
532 534 533
534 535 533
534 536 535
536 537 535
536 538 537
538 539 537
538 540 539
540 541 539
540 542 541
542 543 541
542 544 543
544 545 543
544 546 545
546 547 545
546 548 547
548 549 547
548 550 549
550 551 549
550 552 551
552 553 551
552 554 553
554 555 553
554 556 555
556 557 555
556 558 557
558 559 557
558 560 559
560 561 559
560 562 561
562 563 561
562 564 563
564 565 563
564 566 565
566 567 565
566 568 567
568 569 567
568 528 569
528 529 569
573 575 615
574 572 614
575 577 615
576 574 614
577 579 615
578 576 614
579 581 615
580 578 614
581 583 615
582 580 614
583 585 615
584 582 614
585 587 615
586 584 614
587 589 615
588 586 614
589 591 615
590 588 614
591 593 615
592 590 614
593 595 615
594 592 614
595 597 615
596 594 614
597 599 615
598 596 614
599 601 615
600 598 614
601 603 615
602 600 614
603 605 615
604 602 614
605 607 615
606 604 614
607 609 615
608 606 614
609 611 615
610 608 614
611 613 615
612 610 614
613 573 615
572 612 614
572 574 573
574 575 573
574 576 575
576 577 575
576 578 577
578 579 577
578 580 579
580 581 579
580 582 581
582 583 581
582 584 583
584 585 583
584 586 585
586 587 585
586 588 587
588 589 587
588 590 589
590 591 589
590 592 591
592 593 591
592 594 593
594 595 593
594 596 595
596 597 595
596 598 597
598 599 597
598 600 599
600 601 599
600 602 601
602 603 601
602 604 603
604 605 603
604 606 605
606 607 605
606 608 607
608 609 607
608 610 609
610 611 609
610 612 611
612 613 611
612 572 613
572 573 613
617 619 659
618 616 658
619 621 659
620 618 658
621 623 659
622 620 658
623 625 659
624 622 658
625 627 659
626 624 658
627 629 659
628 626 658
629 631 659
630 628 658
631 633 659
632 630 658
633 635 659
634 632 658
635 637 659
636 634 658
637 639 659
638 636 658
639 641 659
640 638 658
641 643 659
642 640 658
643 645 659
644 642 658
645 647 659
646 644 658
647 649 659
648 646 658
649 651 659
650 648 658
651 653 659
652 650 658
653 655 659
654 652 658
655 657 659
656 654 658
657 617 659
616 656 658
616 618 617
618 619 617
618 620 619
620 621 619
620 622 621
622 623 621
622 624 623
624 625 623
624 626 625
626 627 625
626 628 627
628 629 627
628 630 629
630 631 629
630 632 631
632 633 631
632 634 633
634 635 633
634 636 635
636 637 635
636 638 637
638 639 637
638 640 639
640 641 639
640 642 641
642 643 641
642 644 643
644 645 643
644 646 645
646 647 645
646 648 647
648 649 647
648 650 649
650 651 649
650 652 651
652 653 651
652 654 653
654 655 653
654 656 655
656 657 655
656 616 657
616 617 657
705 704 725
706 705 725
707 706 725
708 707 725
709 708 725
710 709 725
711 710 725
712 711 725
713 712 725
714 713 725
715 714 725
716 715 725
717 716 725
718 717 725
719 718 725
720 719 725
721 720 725
722 721 725
723 722 725
724 723 725
704 724 725
704 705 726
705 706 726
706 707 726
707 708 726
708 709 726
709 710 726
710 711 726
711 712 726
712 713 726
713 714 726
714 715 726
715 716 726
716 717 726
717 718 726
718 719 726
719 720 726
720 721 726
721 722 726
722 723 726
723 724 726
724 704 726
661 663 703
662 660 702
663 665 703
664 662 702
665 667 703
666 664 702
667 669 703
668 666 702
669 671 703
670 668 702
671 673 703
672 670 702
673 675 703
674 672 702
675 677 703
676 674 702
677 679 703
678 676 702
679 681 703
680 678 702
681 683 703
682 680 702
683 685 703
684 682 702
685 687 703
686 684 702
687 689 703
688 686 702
689 691 703
690 688 702
691 693 703
692 690 702
693 695 703
694 692 702
695 697 703
696 694 702
697 699 703
698 696 702
699 701 703
700 698 702
701 661 703
660 700 702
660 662 661
662 663 661
662 664 663
664 665 663
664 666 665
666 667 665
666 668 667
668 669 667
668 670 669
670 671 669
670 672 671
672 673 671
672 674 673
674 675 673
674 676 675
676 677 675
676 678 677
678 679 677
678 680 679
680 681 679
680 682 681
682 683 681
682 684 683
684 685 683
684 686 685
686 687 685
686 688 687
688 689 687
688 690 689
690 691 689
690 692 691
692 693 691
692 694 693
694 695 693
694 696 695
696 697 695
696 698 697
698 699 697
698 700 699
700 701 699
700 660 701
660 661 701
728 727 748
729 728 748
730 729 748
731 730 748
732 731 748
733 732 748
734 733 748
735 734 748
736 735 748
737 736 748
738 737 748
739 738 748
740 739 748
741 740 748
742 741 748
743 742 748
744 743 748
745 744 748
746 745 748
747 746 748
727 747 748
727 728 749
728 729 749
729 730 749
730 731 749
731 732 749
732 733 749
733 734 749
734 735 749
735 736 749
736 737 749
737 738 749
738 739 749
739 740 749
740 741 749
741 742 749
742 743 749
743 744 749
744 745 749
745 746 749
746 747 749
747 727 749
751 753 793
752 750 792
753 755 793
754 752 792
755 757 793
756 754 792
757 759 793
758 756 792
759 761 793
760 758 792
761 763 793
762 760 792
763 765 793
764 762 792
765 767 793
766 764 792
767 769 793
768 766 792
769 771 793
770 768 792
771 773 793
772 770 792
773 775 793
774 772 792
775 777 793
776 774 792
777 779 793
778 776 792
779 781 793
780 778 792
781 783 793
782 780 792
783 785 793
784 782 792
785 787 793
786 784 792
787 789 793
788 786 792
789 791 793
790 788 792
791 751 793
750 790 792
750 752 751
752 753 751
752 754 753
754 755 753
754 756 755
756 757 755
756 758 757
758 759 757
758 760 759
760 761 759
760 762 761
762 763 761
762 764 763
764 765 763
764 766 765
766 767 765
766 768 767
768 769 767
768 770 769
770 771 769
770 772 771
772 773 771
772 774 773
774 775 773
774 776 775
776 777 775
776 778 777
778 779 777
778 780 779
780 781 779
780 782 781
782 783 781
782 784 783
784 785 783
784 786 785
786 787 785
786 788 787
788 789 787
788 790 789
790 791 789
790 750 791
750 751 791
795 797 837
796 794 836
797 799 837
798 796 836
799 801 837
800 798 836
801 803 837
802 800 836
803 805 837
804 802 836
805 807 837
806 804 836
807 809 837
808 806 836
809 811 837
810 808 836
811 813 837
812 810 836
813 815 837
814 812 836
815 817 837
816 814 836
817 819 837
818 816 836
819 821 837
820 818 836
821 823 837
822 820 836
823 825 837
824 822 836
825 827 837
826 824 836
827 829 837
828 826 836
829 831 837
830 828 836
831 833 837
832 830 836
833 835 837
834 832 836
835 795 837
794 834 836
794 796 795
796 797 795
796 798 797
798 799 797
798 800 799
800 801 799
800 802 801
802 803 801
802 804 803
804 805 803
804 806 805
806 807 805
806 808 807
808 809 807
808 810 809
810 811 809
810 812 811
812 813 811
812 814 813
814 815 813
814 816 815
816 817 815
816 818 817
818 819 817
818 820 819
820 821 819
820 822 821
822 823 821
822 824 823
824 825 823
824 826 825
826 827 825
826 828 827
828 829 827
828 830 829
830 831 829
830 832 831
832 833 831
832 834 833
834 835 833
834 794 835
794 795 835
839 841 881
840 838 880
841 843 881
842 840 880
843 845 881
844 842 880
845 847 881
846 844 880
847 849 881
848 846 880
849 851 881
850 848 880
851 853 881
852 850 880
853 855 881
854 852 880
855 857 881
856 854 880
857 859 881
858 856 880
859 861 881
860 858 880
861 863 881
862 860 880
863 865 881
864 862 880
865 867 881
866 864 880
867 869 881
868 866 880
869 871 881
870 868 880
871 873 881
872 870 880
873 875 881
874 872 880
875 877 881
876 874 880
877 879 881
878 876 880
879 839 881
838 878 880
838 840 839
840 841 839
840 842 841
842 843 841
842 844 843
844 845 843
844 846 845
846 847 845
846 848 847
848 849 847
848 850 849
850 851 849
850 852 851
852 853 851
852 854 853
854 855 853
854 856 855
856 857 855
856 858 857
858 859 857
858 860 859
860 861 859
860 862 861
862 863 861
862 864 863
864 865 863
864 866 865
866 867 865
866 868 867
868 869 867
868 870 869
870 871 869
870 872 871
872 873 871
872 874 873
874 875 873
874 876 875
876 877 875
876 878 877
878 879 877
878 838 879
838 839 879
883 885 925
884 882 924
885 887 925
886 884 924
887 889 925
888 886 924
889 891 925
890 888 924
891 893 925
892 890 924
893 895 925
894 892 924
895 897 925
896 894 924
897 899 925
898 896 924
899 901 925
900 898 924
901 903 925
902 900 924
903 905 925
904 902 924
905 907 925
906 904 924
907 909 925
908 906 924
909 911 925
910 908 924
911 913 925
912 910 924
913 915 925
914 912 924
915 917 925
916 914 924
917 919 925
918 916 924
919 921 925
920 918 924
921 923 925
922 920 924
923 883 925
882 922 924
882 884 883
884 885 883
884 886 885
886 887 885
886 888 887
888 889 887
888 890 889
890 891 889
890 892 891
892 893 891
892 894 893
894 895 893
894 896 895
896 897 895
896 898 897
898 899 897
898 900 899
900 901 899
900 902 901
902 903 901
902 904 903
904 905 903
904 906 905
906 907 905
906 908 907
908 909 907
908 910 909
910 911 909
910 912 911
912 913 911
912 914 913
914 915 913
914 916 915
916 917 915
916 918 917
918 919 917
918 920 919
920 921 919
920 922 921
922 923 921
922 882 923
882 883 923


// części
parts_count 16
0 0 0 0 0 0 0 0 0 0 0 0 0 0 0 0 0 0 0 0 0 0 0 0 0 0 0 0 0 0 0 0 0 0 0 0 0 0 0 0 0 0 0 0 0 0 0 0 0 0 0 0 0 0 0 0 0 0 0 0 0 0 0 0 0 0 0 0 0 0 0 0 0 0 0 0 0 0 0 0 0 0 0 0 0 0 0 0 0 0 0 0 0 0 0 0 0 0 0 0 0 0 0 0 0 0 0 0 0 0 0 0 0 0 0 0 0 0 0 0 0 0 0 0 0 0 0 0 0 0 0 0 0 0 0 0 0 0 0 0 0 0 0 0 0 0 0 0 0 0 0 0 0 0 0 0 0 0 0 0 0 0 0 0 0 0 0 0 0 0 0 0 0 0 0 0 0 0 0 0 0 0 0 0 0 0 0 0 0 0 0 0 0 0 0 0 0 0 0 0 0 0 0 0 0 0 0 0 0 0 0 0 0 0 0 0 0 0 0 0 0 0 0 0 0 0 0 0 0 0 0 0 0 0 0 0 0 0 0 0 0 0 0 0 0 0 0 0 0 0 0 0 0 0 0 0 0 0 0 0 0 0 0 0 0 0 0 0 0 0 0 0 0 0 0 0 0 0 0 0 0 0 0 0 0 0 0 0 0 0 0 0 0 0 0 0 0 0 0 0 0 0 0 0 0 0 0 0 0 0 0 0 0 0 0 0 0 0 0 0 0 0 0 0 0 0 0 0 0 0 0 0 0 0 0 0 0 0 0 0 0 0 0 0 0 0 0 0 0 0 0 0 0 0 0 0 0 0 0 0 0 0 0 0 0 0 0 0 0 0 0 0 0 0 0 0 0 0 0 0 0 0 0 0 0 0 0 0 0 0 0 0 0 0 0 0 0 0 0 0 0 0 0 0 0 0 0 0 0 0 0 0 0 0 0 0 0 0 0 0 0 0 0 0 0 0 0 0 0 0 0 0 0 0 0 0 0 0 0 0 0 0 0 0 0 0 0 0 0 0 0 0 0 0 0 0 0 0 0 0 0 0 0 0 0 0 0 0 0 0 0 0 0 0 0 0 0 0 0 0 0 0 0 0 0 0 0 0 0 0 0 0 0 0 0 0 0 0 0 0 0 0 0 0 0 0 0 0 0 0 0 0 0 0 0 0 0 0 0 0 0 0 0 0 0 0 0 0 0 0 0 0 0 0 0 0 0 0 0 0 0 0 0 0 0 0 0 0 0 0 0 0 0 0 0 0 0 0 0 0 0 0 0 0 0 0 0 0 0 0 0 0 0 0 0 0 0 0 0 0 0 0 0 0 0 0 0 0 0 0 0 0 0 0 0 0 0 0 0 0 0 0 0 0 0 0 0 0 0 0 0 0 1 1 1 1 1 1 1 1 1 1 1 1 1 1 1 1 1 1 1 1 1 1 1 1 1 1 1 1 1 1 1 1 1 1 1 1 1 1 1 1 1 1 1 1 1 1 1 1 1 1 1 1 1 1 1 1 1 1 1 1 1 1 1 1 1 1 1 1 1 1 1 1 1 1 1 1 1 1 1 1 1 1 1 1 2 2 2 2 2 2 2 2 2 2 2 2 2 2 2 2 2 2 2 2 2 2 2 2 2 2 2 2 2 2 2 2 2 2 2 2 2 2 2 2 2 2 2 2 2 2 2 2 2 2 2 2 2 2 2 2 2 2 2 2 2 2 2 2 2 2 2 2 2 2 2 2 2 2 2 2 2 2 2 2 2 2 2 2 3 3 3 3 3 3 3 3 3 3 3 3 3 3 3 3 3 3 3 3 3 3 3 3 3 3 3 3 3 3 3 3 3 3 3 3 3 3 3 3 3 3 3 3 3 3 3 3 3 3 3 3 3 3 3 3 3 3 3 3 3 3 3 3 3 3 3 3 3 3 3 3 3 3 3 3 3 3 3 3 3 3 3 3 4 4 4 4 4 4 4 4 4 4 4 4 4 4 4 4 4 4 4 4 4 4 4 4 4 4 4 4 4 4 4 4 4 4 4 4 4 4 4 4 4 4 4 4 4 4 4 4 4 4 4 4 4 4 4 4 4 4 4 4 4 4 4 4 4 4 4 4 4 4 4 4 4 4 4 4 4 4 4 4 4 4 4 4 5 5 5 5 5 5 5 5 5 5 5 5 5 5 5 5 5 5 5 5 5 5 5 5 5 5 5 5 5 5 5 5 5 5 5 5 5 5 5 5 5 5 5 5 5 5 5 5 5 5 5 5 5 5 5 5 5 5 5 5 5 5 5 5 5 5 5 5 5 5 5 5 5 5 5 5 5 5 5 5 5 5 5 5 6 6 6 6 6 6 6 6 6 6 6 6 6 6 6 6 6 6 6 6 6 6 6 6 6 6 6 6 6 6 6 6 6 6 6 6 6 6 6 6 6 6 6 6 6 6 6 6 6 6 6 6 6 6 6 6 6 6 6 6 6 6 6 6 6 6 6 6 6 6 6 6 6 6 6 6 6 6 6 6 6 6 6 6 7 7 7 7 7 7 7 7 7 7 7 7 7 7 7 7 7 7 7 7 7 7 7 7 7 7 7 7 7 7 7 7 7 7 7 7 7 7 7 7 7 7 7 7 7 7 7 7 7 7 7 7 7 7 7 7 7 7 7 7 7 7 7 7 7 7 7 7 7 7 7 7 7 7 7 7 7 7 7 7 7 7 7 7 8 8 8 8 8 8 8 8 8 8 8 8 8 8 8 8 8 8 8 8 8 8 8 8 8 8 8 8 8 8 8 8 8 8 8 8 8 8 8 8 8 8 8 8 8 8 8 8 8 8 8 8 8 8 8 8 8 8 8 8 8 8 8 8 8 8 8 8 8 8 8 8 8 8 8 8 8 8 8 8 8 8 8 8 10 10 10 10 10 10 10 10 10 10 10 10 10 10 10 10 10 10 10 10 10 10 10 10 10 10 10 10 10 10 10 10 10 10 10 10 10 10 10 10 10 10 9 9 9 9 9 9 9 9 9 9 9 9 9 9 9 9 9 9 9 9 9 9 9 9 9 9 9 9 9 9 9 9 9 9 9 9 9 9 9 9 9 9 9 9 9 9 9 9 9 9 9 9 9 9 9 9 9 9 9 9 9 9 9 9 9 9 9 9 9 9 9 9 9 9 9 9 9 9 9 9 9 9 9 9 11 11 11 11 11 11 11 11 11 11 11 11 11 11 11 11 11 11 11 11 11 11 11 11 11 11 11 11 11 11 11 11 11 11 11 11 11 11 11 11 11 11 12 12 12 12 12 12 12 12 12 12 12 12 12 12 12 12 12 12 12 12 12 12 12 12 12 12 12 12 12 12 12 12 12 12 12 12 12 12 12 12 12 12 12 12 12 12 12 12 12 12 12 12 12 12 12 12 12 12 12 12 12 12 12 12 12 12 12 12 12 12 12 12 12 12 12 12 12 12 12 12 12 12 12 12 13 13 13 13 13 13 13 13 13 13 13 13 13 13 13 13 13 13 13 13 13 13 13 13 13 13 13 13 13 13 13 13 13 13 13 13 13 13 13 13 13 13 13 13 13 13 13 13 13 13 13 13 13 13 13 13 13 13 13 13 13 13 13 13 13 13 13 13 13 13 13 13 13 13 13 13 13 13 13 13 13 13 13 13 14 14 14 14 14 14 14 14 14 14 14 14 14 14 14 14 14 14 14 14 14 14 14 14 14 14 14 14 14 14 14 14 14 14 14 14 14 14 14 14 14 14 14 14 14 14 14 14 14 14 14 14 14 14 14 14 14 14 14 14 14 14 14 14 14 14 14 14 14 14 14 14 14 14 14 14 14 14 14 14 14 14 14 14 15 15 15 15 15 15 15 15 15 15 15 15 15 15 15 15 15 15 15 15 15 15 15 15 15 15 15 15 15 15 15 15 15 15 15 15 15 15 15 15 15 15 15 15 15 15 15 15 15 15 15 15 15 15 15 15 15 15 15 15 15 15 15 15 15 15 15 15 15 15 15 15 15 15 15 15 15 15 15 15 15 15 15 15 


// materiały
materials_count 6

mat_name default
rgb 0.6 0.95 0.5
kdCr 1
kdCg 1
kdCb 1
ksCr 1
ksCg 1
ksCb 1
krCr 1
krCg 1
krCb 1
kaCr 1
kaCg 1
kaCb 1
g 1
n 1

mat_name 
rgb 0.6235294 0.2784314 0.282353
kdCr 1
kdCg 1
kdCb 1
ksCr 1
ksCg 1
ksCb 1
krCr 0
krCg 0
krCb 0
kaCr 0
kaCg 0
kaCb 0
g 500
n 0

mat_name temp
rgb 0.6392157 0.9019608 0.9019608
kdCr 1
kdCg 1
kdCb 1
ksCr 0.2013
ksCg 0.2081
ksCb 0.2081
krCr 0
krCg 0
krCb 0
kaCr 1
kaCg 1
kaCb 1
g 315
n 1

mat_name Obicie
rgb 0.6235294 0.2784314 0.282353
kdCr 1
kdCg 1
kdCb 1
ksCr 1
ksCg 1
ksCb 1
krCr 0
krCg 0
krCb 0
kaCr 0
kaCg 0
kaCb 0
g 500
n 0

mat_name Powłoka
rgb 0.8039216 0.7960784 0.9254902
kdCr 1
kdCg 1
kdCb 1
ksCr 0.4624
ksCg 0.4557
ksCb 0.4758
krCr 0
krCg 0
krCb 0
kaCr 0
kaCg 0
kaCb 0
g 320
n 0

mat_name Powłoka silniki
rgb 0.2862745 0.3411765 0.5882353
kdCr 1
kdCg 1
kdCb 1
ksCr 0.4624
ksCg 0.4557
ksCb 0.4758
krCr 0
krCg 0
krCb 0
kaCr 0
kaCg 0
kaCb 0
g 320
n 0


// przypisanie materiałów
0 Powłoka
1 Powłoka
2 Powłoka
3 Powłoka
4 Powłoka
5 Powłoka
6 Powłoka
7 Powłoka
8 Powłoka
9 Powłoka
10 Powłoka
11 Powłoka
12 Powłoka silniki
13 Powłoka silniki
14 Powłoka silniki
15 Powłoka silniki


// światła
lights_count 0


// kamery
cams_count 0
active 0


// hierarchia
node_count 16

hier_type Mesh
hier_name Środek  
triangle_count 612
0 1 2 3 4 5 6 7 8 9 10 11 12 13 14 15 16 17 18 19 20 21 22 23 24 25 26 27 28 29 30 31 32 33 34 35 36 37 38 39 40 41 42 43 44 45 46 47 48 49 50 51 52 53 54 55 56 57 58 59 60 61 62 63 64 65 66 67 68 69 70 71 72 73 74 75 76 77 78 79 80 81 82 83 84 85 86 87 88 89 90 91 92 93 94 95 96 97 98 99 100 101 102 103 104 105 106 107 108 109 110 111 112 113 114 115 116 117 118 119 120 121 122 123 124 125 126 127 128 129 130 131 132 133 134 135 136 137 138 139 140 141 142 143 144 145 146 147 148 149 150 151 152 153 154 155 156 157 158 159 160 161 162 163 164 165 166 167 168 169 170 171 172 173 174 175 176 177 178 179 180 181 182 183 184 185 186 187 188 189 190 191 192 193 194 195 196 197 198 199 200 201 202 203 204 205 206 207 208 209 210 211 212 213 214 215 216 217 218 219 220 221 222 223 224 225 226 227 228 229 230 231 232 233 234 235 236 237 238 239 240 241 242 243 244 245 246 247 248 249 250 251 252 253 254 255 256 257 258 259 260 261 262 263 264 265 266 267 268 269 270 271 272 273 274 275 276 277 278 279 280 281 282 283 284 285 286 287 288 289 290 291 292 293 294 295 296 297 298 299 300 301 302 303 304 305 306 307 308 309 310 311 312 313 314 315 316 317 318 319 320 321 322 323 324 325 326 327 328 329 330 331 332 333 334 335 336 337 338 339 340 341 342 343 344 345 346 347 348 349 350 351 352 353 354 355 356 357 358 359 360 361 362 363 364 365 366 367 368 369 370 371 372 373 374 375 376 377 378 379 380 381 382 383 384 385 386 387 388 389 390 391 392 393 394 395 396 397 398 399 400 401 402 403 404 405 406 407 408 409 410 411 412 413 414 415 416 417 418 419 420 421 422 423 424 425 426 427 428 429 430 431 432 433 434 435 436 437 438 439 440 441 442 443 444 445 446 447 448 449 450 451 452 453 454 455 456 457 458 459 460 461 462 463 464 465 466 467 468 469 470 471 472 473 474 475 476 477 478 479 480 481 482 483 484 485 486 487 488 489 490 491 492 493 494 495 496 497 498 499 500 501 502 503 504 505 506 507 508 509 510 511 512 513 514 515 516 517 518 519 520 521 522 523 524 525 526 527 528 529 530 531 532 533 534 535 536 537 538 539 540 541 542 543 544 545 546 547 548 549 550 551 552 553 554 555 556 557 558 559 560 561 562 563 564 565 566 567 568 569 570 571 572 573 574 575 576 577 578 579 580 581 582 583 584 585 586 587 588 589 590 591 592 593 594 595 596 597 598 599 600 601 602 603 604 605 606 607 608 609 610 611 

hier_type Mesh
hier_name Walec           
triangle_count 84
612 613 614 615 616 617 618 619 620 621 622 623 624 625 626 627 628 629 630 631 632 633 634 635 636 637 638 639 640 641 642 643 644 645 646 647 648 649 650 651 652 653 654 655 656 657 658 659 660 661 662 663 664 665 666 667 668 669 670 671 672 673 674 675 676 677 678 679 680 681 682 683 684 685 686 687 688 689 690 691 692 693 694 695 

hier_type Mesh
hier_name Walec           
triangle_count 84
696 697 698 699 700 701 702 703 704 705 706 707 708 709 710 711 712 713 714 715 716 717 718 719 720 721 722 723 724 725 726 727 728 729 730 731 732 733 734 735 736 737 738 739 740 741 742 743 744 745 746 747 748 749 750 751 752 753 754 755 756 757 758 759 760 761 762 763 764 765 766 767 768 769 770 771 772 773 774 775 776 777 778 779 

hier_type Mesh
hier_name Walec           
triangle_count 84
780 781 782 783 784 785 786 787 788 789 790 791 792 793 794 795 796 797 798 799 800 801 802 803 804 805 806 807 808 809 810 811 812 813 814 815 816 817 818 819 820 821 822 823 824 825 826 827 828 829 830 831 832 833 834 835 836 837 838 839 840 841 842 843 844 845 846 847 848 849 850 851 852 853 854 855 856 857 858 859 860 861 862 863 

hier_type Mesh
hier_name Walec           
triangle_count 84
864 865 866 867 868 869 870 871 872 873 874 875 876 877 878 879 880 881 882 883 884 885 886 887 888 889 890 891 892 893 894 895 896 897 898 899 900 901 902 903 904 905 906 907 908 909 910 911 912 913 914 915 916 917 918 919 920 921 922 923 924 925 926 927 928 929 930 931 932 933 934 935 936 937 938 939 940 941 942 943 944 945 946 947 

hier_type Mesh
hier_name Walec           
triangle_count 84
948 949 950 951 952 953 954 955 956 957 958 959 960 961 962 963 964 965 966 967 968 969 970 971 972 973 974 975 976 977 978 979 980 981 982 983 984 985 986 987 988 989 990 991 992 993 994 995 996 997 998 999 1000 1001 1002 1003 1004 1005 1006 1007 1008 1009 1010 1011 1012 1013 1014 1015 1016 1017 1018 1019 1020 1021 1022 1023 1024 1025 1026 1027 1028 1029 1030 1031 

hier_type Mesh
hier_name Walec           
triangle_count 84
1032 1033 1034 1035 1036 1037 1038 1039 1040 1041 1042 1043 1044 1045 1046 1047 1048 1049 1050 1051 1052 1053 1054 1055 1056 1057 1058 1059 1060 1061 1062 1063 1064 1065 1066 1067 1068 1069 1070 1071 1072 1073 1074 1075 1076 1077 1078 1079 1080 1081 1082 1083 1084 1085 1086 1087 1088 1089 1090 1091 1092 1093 1094 1095 1096 1097 1098 1099 1100 1101 1102 1103 1104 1105 1106 1107 1108 1109 1110 1111 1112 1113 1114 1115 

hier_type Mesh
hier_name Walec           
triangle_count 84
1116 1117 1118 1119 1120 1121 1122 1123 1124 1125 1126 1127 1128 1129 1130 1131 1132 1133 1134 1135 1136 1137 1138 1139 1140 1141 1142 1143 1144 1145 1146 1147 1148 1149 1150 1151 1152 1153 1154 1155 1156 1157 1158 1159 1160 1161 1162 1163 1164 1165 1166 1167 1168 1169 1170 1171 1172 1173 1174 1175 1176 1177 1178 1179 1180 1181 1182 1183 1184 1185 1186 1187 1188 1189 1190 1191 1192 1193 1194 1195 1196 1197 1198 1199 

hier_type Mesh
hier_name Walec           
triangle_count 84
1200 1201 1202 1203 1204 1205 1206 1207 1208 1209 1210 1211 1212 1213 1214 1215 1216 1217 1218 1219 1220 1221 1222 1223 1224 1225 1226 1227 1228 1229 1230 1231 1232 1233 1234 1235 1236 1237 1238 1239 1240 1241 1242 1243 1244 1245 1246 1247 1248 1249 1250 1251 1252 1253 1254 1255 1256 1257 1258 1259 1260 1261 1262 1263 1264 1265 1266 1267 1268 1269 1270 1271 1272 1273 1274 1275 1276 1277 1278 1279 1280 1281 1282 1283 

hier_type Mesh
hier_name Stozek          
triangle_count 42
1284 1285 1286 1287 1288 1289 1290 1291 1292 1293 1294 1295 1296 1297 1298 1299 1300 1301 1302 1303 1304 1305 1306 1307 1308 1309 1310 1311 1312 1313 1314 1315 1316 1317 1318 1319 1320 1321 1322 1323 1324 1325 

hier_type Mesh
hier_name Walec           
triangle_count 84
1326 1327 1328 1329 1330 1331 1332 1333 1334 1335 1336 1337 1338 1339 1340 1341 1342 1343 1344 1345 1346 1347 1348 1349 1350 1351 1352 1353 1354 1355 1356 1357 1358 1359 1360 1361 1362 1363 1364 1365 1366 1367 1368 1369 1370 1371 1372 1373 1374 1375 1376 1377 1378 1379 1380 1381 1382 1383 1384 1385 1386 1387 1388 1389 1390 1391 1392 1393 1394 1395 1396 1397 1398 1399 1400 1401 1402 1403 1404 1405 1406 1407 1408 1409 

hier_type Mesh
hier_name Stozek          
triangle_count 42
1410 1411 1412 1413 1414 1415 1416 1417 1418 1419 1420 1421 1422 1423 1424 1425 1426 1427 1428 1429 1430 1431 1432 1433 1434 1435 1436 1437 1438 1439 1440 1441 1442 1443 1444 1445 1446 1447 1448 1449 1450 1451 

hier_type Mesh
hier_name Walec        
triangle_count 84
1452 1453 1454 1455 1456 1457 1458 1459 1460 1461 1462 1463 1464 1465 1466 1467 1468 1469 1470 1471 1472 1473 1474 1475 1476 1477 1478 1479 1480 1481 1482 1483 1484 1485 1486 1487 1488 1489 1490 1491 1492 1493 1494 1495 1496 1497 1498 1499 1500 1501 1502 1503 1504 1505 1506 1507 1508 1509 1510 1511 1512 1513 1514 1515 1516 1517 1518 1519 1520 1521 1522 1523 1524 1525 1526 1527 1528 1529 1530 1531 1532 1533 1534 1535 

hier_type Mesh
hier_name Walec        
triangle_count 84
1536 1537 1538 1539 1540 1541 1542 1543 1544 1545 1546 1547 1548 1549 1550 1551 1552 1553 1554 1555 1556 1557 1558 1559 1560 1561 1562 1563 1564 1565 1566 1567 1568 1569 1570 1571 1572 1573 1574 1575 1576 1577 1578 1579 1580 1581 1582 1583 1584 1585 1586 1587 1588 1589 1590 1591 1592 1593 1594 1595 1596 1597 1598 1599 1600 1601 1602 1603 1604 1605 1606 1607 1608 1609 1610 1611 1612 1613 1614 1615 1616 1617 1618 1619 

hier_type Mesh
hier_name Walec        
triangle_count 84
1620 1621 1622 1623 1624 1625 1626 1627 1628 1629 1630 1631 1632 1633 1634 1635 1636 1637 1638 1639 1640 1641 1642 1643 1644 1645 1646 1647 1648 1649 1650 1651 1652 1653 1654 1655 1656 1657 1658 1659 1660 1661 1662 1663 1664 1665 1666 1667 1668 1669 1670 1671 1672 1673 1674 1675 1676 1677 1678 1679 1680 1681 1682 1683 1684 1685 1686 1687 1688 1689 1690 1691 1692 1693 1694 1695 1696 1697 1698 1699 1700 1701 1702 1703 

hier_type Mesh
hier_name Walec        
triangle_count 84
1704 1705 1706 1707 1708 1709 1710 1711 1712 1713 1714 1715 1716 1717 1718 1719 1720 1721 1722 1723 1724 1725 1726 1727 1728 1729 1730 1731 1732 1733 1734 1735 1736 1737 1738 1739 1740 1741 1742 1743 1744 1745 1746 1747 1748 1749 1750 1751 1752 1753 1754 1755 1756 1757 1758 1759 1760 1761 1762 1763 1764 1765 1766 1767 1768 1769 1770 1771 1772 1773 1774 1775 1776 1777 1778 1779 1780 1781 1782 1783 1784 1785 1786 1787 
