
// punkty
points_count 1376
-3.339064 -0.9921147 -0.8836348
-3.335126 -0.9921147 -0.8524658
-3.323561 -0.9921147 -0.8232552
-3.305094 -0.9921147 -0.7978384
-3.280887 -0.9921147 -0.7778125
-3.252461 -0.9921147 -0.7644359
-3.2216 -0.9921147 -0.758549
-3.190245 -0.9921147 -0.7605217
-3.160366 -0.9921147 -0.77023
-3.13384 -0.9921147 -0.787064
-3.112334 -0.9921147 -0.8099658
-3.097198 -0.9921147 -0.8374966
-3.089386 -0.9921147 -0.8679264
-3.089386 -0.9921147 -0.8993431
-3.097198 -0.9921147 -0.929773
-3.112334 -0.9921147 -0.9573039
-3.13384 -0.9921147 -0.9802057
-3.160366 -0.9921147 -0.9970396
-3.190245 -0.9921147 -1.006748
-3.2216 -0.9921147 -1.008721
-3.252461 -0.9921147 -1.002834
-3.280887 -0.9921147 -0.9894571
-3.305094 -0.9921147 -0.9694313
-3.323561 -0.9921147 -0.9440145
-3.335126 -0.9921147 -0.9148039
-3.46242 -0.9685832 -0.8836348
-3.454607 -0.9685832 -0.8217883
-3.431659 -0.9685832 -0.7638279
-3.395018 -0.9685832 -0.7133952
-3.346985 -0.9685832 -0.6736593
-3.29058 -0.9685832 -0.647117
-3.229346 -0.9685832 -0.6354359
-3.167131 -0.9685832 -0.6393501
-3.107844 -0.9685832 -0.6586137
-3.05521 -0.9685832 -0.6920162
-3.012536 -0.9685832 -0.7374586
-2.982505 -0.9685832 -0.7920861
-2.967002 -0.9685832 -0.8524658
-2.967002 -0.9685832 -0.9148039
-2.982505 -0.9685832 -0.9751835
-3.012536 -0.9685832 -1.029811
-3.05521 -0.9685832 -1.075254
-3.107843 -0.9685832 -1.108656
-3.167131 -0.9685832 -1.12792
-3.229346 -0.9685832 -1.131834
-3.29058 -0.9685832 -1.120153
-3.346985 -0.9685832 -1.093611
-3.395018 -0.9685832 -1.053875
-3.431659 -0.9685832 -1.003442
-3.454607 -0.9685832 -0.9454814
-3.581855 -0.9297765 -0.8836349
-3.57029 -0.9297765 -0.7920861
-3.536321 -0.9297765 -0.7062897
-3.482082 -0.9297765 -0.6316365
-3.410982 -0.9297765 -0.5728172
-3.327487 -0.9297765 -0.5335279
-3.236845 -0.9297765 -0.516237
-3.144751 -0.9297765 -0.522031
-3.056991 -0.9297765 -0.5505459
-2.979079 -0.9297765 -0.5999901
-2.915912 -0.9297765 -0.6672567
-2.871457 -0.9297765 -0.7481192
-2.848509 -0.9297765 -0.8374967
-2.848509 -0.9297765 -0.929773
-2.871457 -0.9297765 -1.01915
-2.915912 -0.9297765 -1.100013
-2.979079 -0.9297765 -1.167279
-3.056991 -0.9297765 -1.216724
-3.144751 -0.9297765 -1.245239
-3.236845 -0.9297765 -1.251033
-3.327487 -0.9297765 -1.233742
-3.410981 -0.9297765 -1.194453
-3.482082 -0.9297765 -1.135633
-3.53632 -0.9297765 -1.06098
-3.57029 -0.9297765 -0.9751837
-3.695484 -0.8763067 -0.8836349
-3.680349 -0.8763067 -0.7638276
-3.635895 -0.8763067 -0.6515484
-3.564914 -0.8763067 -0.553852
-3.471867 -0.8763067 -0.476877
-3.362601 -0.8763067 -0.4254601
-3.24398 -0.8763067 -0.4028321
-3.123459 -0.8763067 -0.4104145
-3.00861 -0.8763067 -0.4477312
-2.906649 -0.8763067 -0.5124374
-2.823984 -0.8763067 -0.6004671
-2.765807 -0.8763067 -0.7062896
-2.735775 -0.8763067 -0.8232551
-2.735775 -0.8763067 -0.9440144
-2.765807 -0.8763067 -1.06098
-2.823984 -0.8763067 -1.166803
-2.906649 -0.8763067 -1.254833
-3.00861 -0.8763067 -1.319539
-3.123459 -0.8763067 -1.356856
-3.24398 -0.8763067 -1.364438
-3.362601 -0.8763067 -1.34181
-3.471867 -0.8763067 -1.290393
-3.564914 -0.8763067 -1.213418
-3.635895 -0.8763067 -1.115721
-3.680349 -0.8763067 -1.003442
-3.801516 -0.8090171 -0.8836349
-3.78305 -0.8090171 -0.7374586
-3.728811 -0.8090171 -0.6004674
-3.642208 -0.8090171 -0.4812685
-3.528682 -0.8090171 -0.3873516
-3.395366 -0.8090171 -0.324618
-3.250638 -0.8090171 -0.2970096
-3.103591 -0.8090171 -0.306261
-2.963464 -0.8090171 -0.3517909
-2.839062 -0.8090171 -0.4307386
-2.738202 -0.8090171 -0.5381433
-2.667221 -0.8090171 -0.6672567
-2.63058 -0.8090171 -0.8099659
-2.63058 -0.8090171 -0.9573036
-2.667221 -0.8090171 -1.100013
-2.738202 -0.8090171 -1.229127
-2.839062 -0.8090171 -1.336531
-2.963464 -0.8090171 -1.415479
-3.10359 -0.8090171 -1.461009
-3.250638 -0.8090171 -1.470261
-3.395366 -0.8090171 -1.442652
-3.528682 -0.8090171 -1.379919
-3.642208 -0.8090171 -1.286002
-3.728811 -0.8090171 -1.166802
-3.78305 -0.8090171 -1.029811
-3.898278 -0.7289686 -0.8836349
-3.876771 -0.7289686 -0.7133949
-3.813604 -0.7289686 -0.5538521
-3.712744 -0.7289686 -0.4150304
-3.580529 -0.7289686 -0.3056528
-3.425267 -0.7289686 -0.232592
-3.256714 -0.7289686 -0.2004387
-3.085459 -0.7289686 -0.211213
-2.922265 -0.7289686 -0.2642381
-2.777384 -0.7289686 -0.3561822
-2.65992 -0.7289686 -0.4812681
-2.577254 -0.7289686 -0.6316363
-2.534581 -0.7289686 -0.7978384
-2.534581 -0.7289686 -0.9694312
-2.577254 -0.7289686 -1.135633
-2.65992 -0.7289686 -1.286002
-2.777383 -0.7289686 -1.411088
-2.922264 -0.7289686 -1.503032
-3.085459 -0.7289686 -1.556057
-3.256713 -0.7289686 -1.566832
-3.425267 -0.7289686 -1.534678
-3.580529 -0.7289686 -1.461617
-3.712744 -0.7289686 -1.35224
-3.813604 -0.7289686 -1.213418
-3.876771 -0.7289686 -1.053875
-3.984244 -0.6374242 -0.8836349
-3.960037 -0.6374242 -0.6920161
-3.888937 -0.6374242 -0.5124378
-3.775411 -0.6374242 -0.3561826
-3.626592 -0.6374242 -0.2330693
-3.451832 -0.6374242 -0.1508337
-3.262111 -0.6374242 -0.1146425
-3.069351 -0.6374242 -0.1267699
-2.885662 -0.6374242 -0.1864538
-2.722587 -0.6374242 -0.2899443
-2.590372 -0.6374242 -0.4307385
-2.497325 -0.6374242 -0.5999901
-2.449293 -0.6374242 -0.787064
-2.449293 -0.6374242 -0.9802055
-2.497325 -0.6374242 -1.167279
-2.590372 -0.6374242 -1.336531
-2.722586 -0.6374242 -1.477326
-2.885662 -0.6374242 -1.580816
-3.069351 -0.6374242 -1.640501
-3.262111 -0.6374242 -1.652628
-3.451832 -0.6374242 -1.616437
-3.626592 -0.6374242 -1.534201
-3.775411 -0.6374242 -1.411088
-3.888937 -0.6374242 -1.254833
-3.960037 -0.6374242 -1.075254
-4.058058 -0.5358269 -0.8836349
-4.031532 -0.5358269 -0.6736591
-3.953621 -0.5358269 -0.4768773
-3.829219 -0.5358269 -0.305653
-3.666144 -0.5358269 -0.1707456
-3.474643 -0.5358269 -0.08063145
-3.266746 -0.5358269 -0.04097338
-3.05552 -0.5358269 -0.05426235
-2.854233 -0.5358269 -0.1196643
-2.675535 -0.5358269 -0.2330691
-2.530655 -0.5358269 -0.3873513
-2.428694 -0.5358269 -0.5728171
-2.37606 -0.5358269 -0.7778127
-2.37606 -0.5358269 -0.9894568
-2.428694 -0.5358269 -1.194453
-2.530655 -0.5358269 -1.379919
-2.675535 -0.5358269 -1.534201
-2.854233 -0.5358269 -1.647606
-3.055519 -0.5358269 -1.713008
-3.266746 -0.5358269 -1.726297
-3.474642 -0.5358269 -1.686639
-3.666144 -0.5358269 -1.596525
-3.829219 -0.5358269 -1.461617
-3.953621 -0.5358269 -1.290393
-4.031532 -0.5358269 -1.093611
-4.118557 -0.4257794 -0.8836349
-4.090131 -0.4257794 -0.6586136
-4.006637 -0.4257794 -0.4477317
-3.873321 -0.4257794 -0.2642385
-3.698561 -0.4257794 -0.1196645
-3.493338 -0.4257794 -0.02309341
-3.270545 -0.4257794 0.01940673
-3.044183 -0.4257794 0.005165156
-2.828474 -0.4257794 -0.064923
-2.636972 -0.4257794 -0.1864538
-2.48171 -0.4257794 -0.3517908
-2.372443 -0.4257794 -0.5505458
-2.316038 -0.4257794 -0.7702301
-2.316038 -0.4257794 -0.9970394
-2.372443 -0.4257794 -1.216724
-2.48171 -0.4257794 -1.415479
-2.636972 -0.4257794 -1.580816
-2.828474 -0.4257794 -1.702347
-3.044183 -0.4257794 -1.772435
-3.270545 -0.4257794 -1.786677
-3.493338 -0.4257794 -1.744177
-3.698561 -0.4257794 -1.647606
-3.873321 -0.4257794 -1.503032
-4.006637 -0.4257794 -1.319539
-4.090131 -0.4257794 -1.108656
-4.164787 -0.3090172 -0.8836349
-4.134908 -0.3090172 -0.6471168
-4.047148 -0.3090172 -0.4254604
-3.907021 -0.3090172 -0.2325922
-3.723332 -0.3090172 -0.08063145
-3.507623 -0.3090172 0.02087348
-3.273448 -0.3090172 0.06554496
-3.035521 -0.3090172 0.05057585
-2.80879 -0.3090172 -0.02309318
-2.607504 -0.3090172 -0.1508334
-2.44431 -0.3090172 -0.3246178
-2.32946 -0.3090172 -0.5335277
-2.270173 -0.3090172 -0.7644359
-2.270173 -0.3090172 -1.002833
-2.32946 -0.3090172 -1.233742
-2.444309 -0.3090172 -1.442652
-2.607504 -0.3090172 -1.616437
-2.80879 -0.3090172 -1.744177
-3.03552 -0.3090172 -1.817846
-3.273448 -0.3090172 -1.832815
-3.507623 -0.3090172 -1.788144
-3.723332 -0.3090172 -1.686639
-3.907021 -0.3090172 -1.534678
-4.047148 -0.3090172 -1.34181
-4.134908 -0.3090172 -1.120153
-4.196018 -0.1873813 -0.8836349
-4.165157 -0.1873813 -0.63935
-4.074516 -0.1873813 -0.4104148
-3.929787 -0.1873813 -0.2112132
-3.740067 -0.1873813 -0.05426259
-3.517274 -0.1873813 0.05057561
-3.275409 -0.1873813 0.0967139
-3.029669 -0.1873813 0.08125341
-2.795493 -0.1873813 0.005165156
-2.587597 -0.1873813 -0.1267696
-2.419043 -0.1873813 -0.3062607
-2.300422 -0.1873813 -0.5220309
-2.239188 -0.1873813 -0.7605217
-2.239188 -0.1873813 -1.006748
-2.300422 -0.1873813 -1.245239
-2.419043 -0.1873813 -1.461009
-2.587597 -0.1873813 -1.640501
-2.795493 -0.1873813 -1.772435
-3.029668 -0.1873813 -1.848524
-3.275409 -0.1873813 -1.863984
-3.517274 -0.1873813 -1.817846
-3.740067 -0.1873813 -1.713008
-3.929787 -0.1873813 -1.556057
-4.074515 -0.1873813 -1.356856
-4.165157 -0.1873813 -1.12792
-4.211757 -0.06279047 -0.8836349
-4.180402 -0.06279047 -0.6354358
-4.088308 -0.06279047 -0.4028323
-3.941261 -0.06279047 -0.2004389
-3.7485 -0.06279047 -0.04097338
-3.522138 -0.06279047 0.06554496
-3.276397 -0.06279047 0.1124223
-3.026719 -0.06279047 0.09671414
-2.788791 -0.06279047 0.01940673
-2.577564 -0.06279047 -0.1146422
-2.40631 -0.06279047 -0.2970093
-2.285788 -0.06279047 -0.5162368
-2.223573 -0.06279047 -0.758549
-2.223573 -0.06279047 -1.00872
-2.285788 -0.06279047 -1.251033
-2.40631 -0.06279047 -1.470261
-2.577564 -0.06279047 -1.652628
-2.788791 -0.06279047 -1.786677
-3.026719 -0.06279047 -1.863984
-3.276397 -0.06279047 -1.879693
-3.522138 -0.06279047 -1.832815
-3.7485 -0.06279047 -1.726297
-3.941261 -0.06279047 -1.566832
-4.088308 -0.06279047 -1.364438
-4.180402 -0.06279047 -1.131834
-4.211757 0.06279038 -0.8836349
-4.180402 0.06279038 -0.6354358
-4.088308 0.06279038 -0.4028323
-3.941261 0.06279038 -0.2004389
-3.7485 0.06279038 -0.04097338
-3.522138 0.06279038 0.06554496
-3.276397 0.06279038 0.1124223
-3.026719 0.06279038 0.09671414
-2.788791 0.06279038 0.01940673
-2.577564 0.06279038 -0.1146422
-2.40631 0.06279038 -0.2970093
-2.285788 0.06279038 -0.5162368
-2.223573 0.06279038 -0.758549
-2.223573 0.06279038 -1.00872
-2.285788 0.06279038 -1.251033
-2.40631 0.06279038 -1.470261
-2.577564 0.06279038 -1.652628
-2.788791 0.06279038 -1.786677
-3.026719 0.06279038 -1.863984
-3.276397 0.06279038 -1.879693
-3.522138 0.06279038 -1.832815
-3.7485 0.06279038 -1.726297
-3.941261 0.06279038 -1.566832
-4.088308 0.06279038 -1.364438
-4.180402 0.06279038 -1.131834
-4.196018 0.1873812 -0.8836349
-4.165157 0.1873812 -0.63935
-4.074516 0.1873812 -0.4104148
-3.929787 0.1873812 -0.2112132
-3.740067 0.1873812 -0.05426259
-3.517274 0.1873812 0.05057561
-3.275409 0.1873812 0.0967139
-3.029669 0.1873812 0.08125341
-2.795493 0.1873812 0.005165156
-2.587597 0.1873812 -0.1267696
-2.419043 0.1873812 -0.3062607
-2.300422 0.1873812 -0.5220309
-2.239188 0.1873812 -0.7605217
-2.239188 0.1873812 -1.006748
-2.300422 0.1873812 -1.245239
-2.419043 0.1873812 -1.461009
-2.587597 0.1873812 -1.640501
-2.795493 0.1873812 -1.772435
-3.029668 0.1873812 -1.848524
-3.275409 0.1873812 -1.863984
-3.517274 0.1873812 -1.817846
-3.740067 0.1873812 -1.713008
-3.929787 0.1873812 -1.556057
-4.074515 0.1873812 -1.356856
-4.165157 0.1873812 -1.12792
-4.164787 0.3090171 -0.8836349
-4.134908 0.3090171 -0.6471168
-4.047148 0.3090171 -0.4254604
-3.907021 0.3090171 -0.2325922
-3.723332 0.3090171 -0.08063145
-3.507623 0.3090171 0.02087348
-3.273448 0.3090171 0.06554496
-3.035521 0.3090171 0.05057585
-2.80879 0.3090171 -0.02309318
-2.607504 0.3090171 -0.1508334
-2.44431 0.3090171 -0.3246178
-2.32946 0.3090171 -0.5335277
-2.270173 0.3090171 -0.7644359
-2.270173 0.3090171 -1.002833
-2.32946 0.3090171 -1.233742
-2.444309 0.3090171 -1.442652
-2.607504 0.3090171 -1.616437
-2.80879 0.3090171 -1.744177
-3.03552 0.3090171 -1.817846
-3.273448 0.3090171 -1.832815
-3.507623 0.3090171 -1.788144
-3.723332 0.3090171 -1.686639
-3.907021 0.3090171 -1.534678
-4.047148 0.3090171 -1.34181
-4.134908 0.3090171 -1.120153
-4.118557 0.4257792 -0.8836349
-4.090131 0.4257792 -0.6586136
-4.006637 0.4257792 -0.4477316
-3.873322 0.4257792 -0.2642384
-3.698561 0.4257792 -0.1196645
-3.493338 0.4257792 -0.02309341
-3.270545 0.4257792 0.01940673
-3.044183 0.4257792 0.005165156
-2.828474 0.4257792 -0.06492276
-2.636972 0.4257792 -0.1864535
-2.48171 0.4257792 -0.3517907
-2.372443 0.4257792 -0.5505458
-2.316038 0.4257792 -0.77023
-2.316037 0.4257792 -0.9970394
-2.372443 0.4257792 -1.216724
-2.48171 0.4257792 -1.415479
-2.636971 0.4257792 -1.580816
-2.828474 0.4257792 -1.702347
-3.044183 0.4257792 -1.772436
-3.270545 0.4257792 -1.786677
-3.493338 0.4257792 -1.744177
-3.698561 0.4257792 -1.647606
-3.873321 0.4257792 -1.503032
-4.006637 0.4257792 -1.319539
-4.090131 0.4257792 -1.108656
-4.058058 0.5358267 -0.8836349
-4.031532 0.5358267 -0.6736591
-3.953621 0.5358267 -0.4768772
-3.829219 0.5358267 -0.3056529
-3.666144 0.5358267 -0.1707456
-3.474643 0.5358267 -0.08063145
-3.266746 0.5358267 -0.04097314
-3.05552 0.5358267 -0.05426235
-2.854233 0.5358267 -0.1196643
-2.675535 0.5358267 -0.233069
-2.530655 0.5358267 -0.3873512
-2.428694 0.5358267 -0.5728171
-2.37606 0.5358267 -0.7778125
-2.37606 0.5358267 -0.9894568
-2.428694 0.5358267 -1.194453
-2.530655 0.5358267 -1.379919
-2.675535 0.5358267 -1.534201
-2.854233 0.5358267 -1.647606
-3.055519 0.5358267 -1.713008
-3.266746 0.5358267 -1.726297
-3.474643 0.5358267 -1.686639
-3.666144 0.5358267 -1.596525
-3.829219 0.5358267 -1.461617
-3.953621 0.5358267 -1.290393
-4.031532 0.5358267 -1.093611
-3.984244 0.6374241 -0.8836349
-3.960037 0.6374241 -0.6920161
-3.888937 0.6374241 -0.5124378
-3.775411 0.6374241 -0.3561825
-3.626592 0.6374241 -0.2330692
-3.451833 0.6374241 -0.1508334
-3.262111 0.6374241 -0.1146425
-3.069351 0.6374241 -0.1267699
-2.885662 0.6374241 -0.1864538
-2.722587 0.6374241 -0.2899442
-2.590372 0.6374241 -0.4307385
-2.497325 0.6374241 -0.5999901
-2.449293 0.6374241 -0.787064
-2.449293 0.6374241 -0.9802055
-2.497325 0.6374241 -1.167279
-2.590372 0.6374241 -1.336532
-2.722586 0.6374241 -1.477326
-2.885662 0.6374241 -1.580816
-3.069351 0.6374241 -1.640501
-3.262111 0.6374241 -1.652628
-3.451832 0.6374241 -1.616437
-3.626592 0.6374241 -1.534201
-3.775411 0.6374241 -1.411088
-3.888937 0.6374241 -1.254833
-3.960037 0.6374241 -1.075254
-3.898278 0.7289686 -0.8836349
-3.876772 0.7289686 -0.7133949
-3.813604 0.7289686 -0.5538521
-3.712744 0.7289686 -0.4150304
-3.58053 0.7289686 -0.3056528
-3.425267 0.7289686 -0.232592
-3.256714 0.7289686 -0.2004387
-3.085459 0.7289686 -0.211213
-2.922265 0.7289686 -0.264238
-2.777384 0.7289686 -0.3561822
-2.65992 0.7289686 -0.4812681
-2.577254 0.7289686 -0.6316363
-2.534581 0.7289686 -0.7978384
-2.534581 0.7289686 -0.9694312
-2.577254 0.7289686 -1.135633
-2.65992 0.7289686 -1.286002
-2.777383 0.7289686 -1.411088
-2.922264 0.7289686 -1.503032
-3.085459 0.7289686 -1.556057
-3.256713 0.7289686 -1.566832
-3.425267 0.7289686 -1.534678
-3.580529 0.7289686 -1.461618
-3.712744 0.7289686 -1.35224
-3.813604 0.7289686 -1.213418
-3.876771 0.7289686 -1.053875
-3.801516 0.809017 -0.8836349
-3.78305 0.809017 -0.7374586
-3.728811 0.809017 -0.6004674
-3.642208 0.809017 -0.4812685
-3.528682 0.809017 -0.3873516
-3.395366 0.809017 -0.324618
-3.250638 0.809017 -0.2970096
-3.103591 0.809017 -0.306261
-2.963464 0.809017 -0.3517909
-2.839062 0.809017 -0.4307386
-2.738202 0.809017 -0.5381433
-2.667221 0.809017 -0.6672567
-2.63058 0.809017 -0.8099659
-2.63058 0.809017 -0.9573036
-2.667221 0.809017 -1.100013
-2.738202 0.809017 -1.229127
-2.839062 0.809017 -1.336531
-2.963464 0.809017 -1.415479
-3.10359 0.809017 -1.461009
-3.250638 0.809017 -1.470261
-3.395366 0.809017 -1.442652
-3.528682 0.809017 -1.379919
-3.642208 0.809017 -1.286002
-3.728811 0.809017 -1.166802
-3.78305 0.809017 -1.029811
-3.695484 0.8763067 -0.8836349
-3.680349 0.8763067 -0.7638276
-3.635895 0.8763067 -0.6515484
-3.564914 0.8763067 -0.553852
-3.471867 0.8763067 -0.4768769
-3.362601 0.8763067 -0.4254599
-3.24398 0.8763067 -0.4028318
-3.123459 0.8763067 -0.4104144
-3.00861 0.8763067 -0.4477311
-2.906649 0.8763067 -0.5124373
-2.823983 0.8763067 -0.6004671
-2.765807 0.8763067 -0.7062895
-2.735775 0.8763067 -0.8232551
-2.735775 0.8763067 -0.9440144
-2.765807 0.8763067 -1.06098
-2.823983 0.8763067 -1.166803
-2.906649 0.8763067 -1.254833
-3.00861 0.8763067 -1.319539
-3.123459 0.8763067 -1.356856
-3.24398 0.8763067 -1.364438
-3.362601 0.8763067 -1.34181
-3.471867 0.8763067 -1.290393
-3.564914 0.8763067 -1.213418
-3.635895 0.8763067 -1.115721
-3.680349 0.8763067 -1.003442
-3.581855 0.9297765 -0.8836349
-3.57029 0.9297765 -0.7920861
-3.536321 0.9297765 -0.7062896
-3.482082 0.9297765 -0.6316364
-3.410982 0.9297765 -0.5728171
-3.327487 0.9297765 -0.5335276
-3.236845 0.9297765 -0.5162368
-3.144751 0.9297765 -0.5220309
-3.056991 0.9297765 -0.5505458
-2.979079 0.9297765 -0.59999
-2.915911 0.9297765 -0.6672565
-2.871457 0.9297765 -0.7481192
-2.848509 0.9297765 -0.8374967
-2.848509 0.9297765 -0.929773
-2.871457 0.9297765 -1.01915
-2.915911 0.9297765 -1.100013
-2.979079 0.9297765 -1.16728
-3.056991 0.9297765 -1.216724
-3.144751 0.9297765 -1.245239
-3.236845 0.9297765 -1.251033
-3.327487 0.9297765 -1.233742
-3.410982 0.9297765 -1.194453
-3.482082 0.9297765 -1.135633
-3.536321 0.9297765 -1.06098
-3.57029 0.9297765 -0.9751837
-3.46242 0.9685832 -0.8836348
-3.454607 0.9685832 -0.8217883
-3.431659 0.9685832 -0.7638277
-3.395018 0.9685832 -0.7133951
-3.346985 0.9685832 -0.6736591
-3.29058 0.9685832 -0.6471167
-3.229346 0.9685832 -0.6354358
-3.167131 0.9685832 -0.63935
-3.107843 0.9685832 -0.6586135
-3.05521 0.9685832 -0.6920161
-3.012536 0.9685832 -0.7374585
-2.982504 0.9685832 -0.7920861
-2.967001 0.9685832 -0.8524658
-2.967001 0.9685832 -0.9148039
-2.982504 0.9685832 -0.9751836
-3.012536 0.9685832 -1.029811
-3.055209 0.9685832 -1.075254
-3.107843 0.9685832 -1.108656
-3.167131 0.9685832 -1.12792
-3.229346 0.9685832 -1.131834
-3.29058 0.9685832 -1.120153
-3.346985 0.9685832 -1.093611
-3.395018 0.9685832 -1.053875
-3.431659 0.9685832 -1.003442
-3.454607 0.9685832 -0.9454815
-3.339064 0.9921147 -0.8836348
-3.335126 0.9921147 -0.8524658
-3.323561 0.9921147 -0.8232551
-3.305094 0.9921147 -0.7978384
-3.280887 0.9921147 -0.7778124
-3.252461 0.9921147 -0.7644358
-3.2216 0.9921147 -0.7585489
-3.190245 0.9921147 -0.7605216
-3.160366 0.9921147 -0.7702299
-3.13384 0.9921147 -0.7870639
-3.112334 0.9921147 -0.8099658
-3.097198 0.9921147 -0.8374966
-3.089385 0.9921147 -0.8679264
-3.089385 0.9921147 -0.8993433
-3.097198 0.9921147 -0.9297732
-3.112334 0.9921147 -0.9573039
-3.13384 0.9921147 -0.9802058
-3.160366 0.9921147 -0.9970397
-3.190245 0.9921147 -1.006748
-3.2216 0.9921147 -1.008721
-3.252461 0.9921147 -1.002834
-3.280887 0.9921147 -0.9894572
-3.305094 0.9921147 -0.9694314
-3.323561 0.9921147 -0.9440145
-3.335126 0.9921147 -0.914804
-3.21373 1 -0.8836348
-3.21373 -1 -0.8836348
-0.07644291 -1 -1.289251
-0.07705207 -1 -1.254352
-0.07887883 -1 -1.219495
-0.08192094 -1 -1.184723
-0.0861748 -1 -1.150078
-0.09163518 -1 -1.115603
-0.09829529 -1 -1.081339
-0.1061471 -1 -1.047329
-0.1151813 -1 -1.013614
-0.1253863 -1 -0.980234
-0.1367503 -1 -0.9472308
-0.149259 -1 -0.9146445
-0.1628974 -1 -0.8825144
-0.1776488 -1 -0.85088
-0.1934953 -1 -0.8197795
-0.2104175 -1 -0.7892511
-0.2283948 -1 -0.7593318
-0.2474053 -1 -0.7300581
-0.2674258 -1 -0.7014659
-0.2884322 -1 -0.6735895
-0.3103984 -1 -0.6464635
-0.333298 -1 -0.6201206
-0.3571031 -1 -0.5945927
-0.3817845 -1 -0.5699114
-0.4073123 -1 -0.5461062
-0.4336553 -1 -0.5232068
-0.4607814 -1 -0.5012404
-0.4886576 -1 -0.4802342
-0.5172501 -1 -0.4602136
-0.5465236 -1 -0.4412031
-0.5764429 -1 -0.4232258
-0.6069713 -1 -0.4063036
-0.6380717 -1 -0.3904571
-0.6697063 -1 -0.3757057
-0.7018364 -1 -0.3620674
-0.7344229 -1 -0.3495585
-0.767426 -1 -0.3381946
-0.8008056 -1 -0.3279895
-0.8345209 -1 -0.3189555
-0.8685312 -1 -0.3111035
-0.9027947 -1 -0.3044434
-0.9372697 -1 -0.2989831
-0.9719144 -1 -0.2947293
-1.006686 -1 -0.2916872
-1.041544 -1 -0.2898604
-1.076443 -1 -0.2892512
-1.111343 -1 -0.2898604
-1.1462 -1 -0.2916872
-1.180972 -1 -0.2947293
-1.215616 -1 -0.2989831
-1.250091 -1 -0.3044435
-1.284355 -1 -0.3111036
-1.318365 -1 -0.3189555
-1.352081 -1 -0.3279895
-1.38546 -1 -0.3381948
-1.418464 -1 -0.3495585
-1.45105 -1 -0.3620674
-1.48318 -1 -0.3757058
-1.514814 -1 -0.3904571
-1.545915 -1 -0.4063036
-1.576443 -1 -0.4232258
-1.606363 -1 -0.4412032
-1.635636 -1 -0.4602137
-1.664229 -1 -0.4802343
-1.692105 -1 -0.5012404
-1.719231 -1 -0.5232068
-1.745574 -1 -0.5461063
-1.771102 -1 -0.5699114
-1.795784 -1 -0.5945929
-1.819588 -1 -0.6201206
-1.842488 -1 -0.6464637
-1.864454 -1 -0.6735896
-1.885461 -1 -0.7014659
-1.905481 -1 -0.7300583
-1.924492 -1 -0.759332
-1.942469 -1 -0.7892513
-1.959391 -1 -0.8197795
-1.975238 -1 -0.85088
-1.989989 -1 -0.8825145
-2.003628 -1 -0.9146445
-2.016136 -1 -0.9472311
-2.0275 -1 -0.980234
-2.037705 -1 -1.013614
-2.046739 -1 -1.047329
-2.054591 -1 -1.081339
-2.061251 -1 -1.115603
-2.066712 -1 -1.150078
-2.070966 -1 -1.184723
-2.074008 -1 -1.219495
-2.075835 -1 -1.254352
-2.076444 -1 -1.289251
-2.075835 -1 -1.324151
-2.074008 -1 -1.359008
-2.070966 -1 -1.39378
-2.066712 -1 -1.428425
-2.061251 -1 -1.4629
-2.054591 -1 -1.497163
-2.046739 -1 -1.531173
-2.037705 -1 -1.564889
-2.0275 -1 -1.598269
-2.016136 -1 -1.631272
-2.003627 -1 -1.663858
-1.989989 -1 -1.695989
-1.975238 -1 -1.727623
-1.959391 -1 -1.758723
-1.942469 -1 -1.789252
-1.924492 -1 -1.819171
-1.905481 -1 -1.848445
-1.88546 -1 -1.877037
-1.864454 -1 -1.904913
-1.842488 -1 -1.932039
-1.819588 -1 -1.958382
-1.795783 -1 -1.98391
-1.771102 -1 -2.008592
-1.745574 -1 -2.032397
-1.719231 -1 -2.055296
-1.692105 -1 -2.077263
-1.664229 -1 -2.098269
-1.635636 -1 -2.11829
-1.606362 -1 -2.1373
-1.576443 -1 -2.155278
-1.545915 -1 -2.1722
-1.514814 -1 -2.188046
-1.48318 -1 -2.202798
-1.45105 -1 -2.216436
-1.418463 -1 -2.228945
-1.38546 -1 -2.240309
-1.352081 -1 -2.250514
-1.318365 -1 -2.259548
-1.284355 -1 -2.2674
-1.250091 -1 -2.27406
-1.215616 -1 -2.279521
-1.180972 -1 -2.283774
-1.146199 -1 -2.286816
-1.111342 -1 -2.288643
-1.076443 -1 -2.289252
-1.041543 -1 -2.288643
-1.006686 -1 -2.286816
-0.9719145 -1 -2.283774
-0.9372696 -1 -2.279521
-0.9027942 -1 -2.27406
-0.8685309 -1 -2.2674
-0.8345209 -1 -2.259548
-0.8008052 -1 -2.250514
-0.7674258 -1 -2.240309
-0.7344227 -1 -2.228945
-0.7018362 -1 -2.216436
-0.6697058 -1 -2.202797
-0.6380715 -1 -2.188046
-0.6069712 -1 -2.1722
-0.5764425 -1 -2.155277
-0.5465234 -1 -2.1373
-0.51725 -1 -2.11829
-0.4886574 -1 -2.098269
-0.4607814 -1 -2.077263
-0.4336553 -1 -2.055296
-0.4073122 -1 -2.032397
-0.3817842 -1 -2.008591
-0.3571029 -1 -1.98391
-0.333298 -1 -1.958382
-0.3103983 -1 -1.932039
-0.288432 -1 -1.904913
-0.2674259 -1 -1.877037
-0.2474054 -1 -1.848445
-0.2283948 -1 -1.819171
-0.2104173 -1 -1.789251
-0.1934953 -1 -1.758723
-0.1776486 -1 -1.727622
-0.1628974 -1 -1.695988
-0.1492589 -1 -1.663858
-0.1367503 -1 -1.631272
-0.1253863 -1 -1.598268
-0.1151813 -1 -1.564889
-0.1061471 -1 -1.531173
-0.09829529 -1 -1.497163
-0.09163506 -1 -1.462899
-0.0861748 -1 -1.428424
-0.08192106 -1 -1.39378
-0.07887883 -1 -1.359008
-0.07705207 -1 -1.324151
-1.076443 -1 -1.289251
-1.076443 2 -1.289251
-0.3668056 -0.4999999 0.6140248
0.932233 -0.4999999 1.364025
0.9322326 -0.4999999 -0.1359752
-0.3668054 0.5000001 0.6140248
0.9322329 0.5000001 1.364025
0.9322325 0.5000001 -0.1359751
0.49922 1 0.614025
0.49922 -1 0.614025
3.526362 -1 1.094161
3.526362 1 1.094161
3.523548 -1 1.137399
3.523548 1 1.137399
3.518863 -1 1.180474
3.518863 1 1.180474
3.512317 -1 1.223305
3.512317 1 1.223305
3.503922 -1 1.265813
3.503922 1 1.265813
3.493693 -1 1.307917
3.493693 1 1.307917
3.481649 -1 1.349539
3.481649 1 1.349539
3.467814 -1 1.390599
3.467814 1 1.390599
3.452214 -1 1.431022
3.452214 1 1.431022
3.434876 -1 1.470731
3.434876 1 1.470731
3.415835 -1 1.509652
3.415835 1 1.509652
3.395126 -1 1.547712
3.395126 1 1.547712
3.372788 -1 1.584839
3.372788 1 1.584839
3.348862 -1 1.620963
3.348862 1 1.620963
3.323394 -1 1.656017
3.323394 1 1.656017
3.296432 -1 1.689934
3.296432 1 1.689934
3.268025 -1 1.722652
3.268025 1 1.722652
3.238228 -1 1.754109
3.238228 1 1.754109
3.207096 -1 1.784245
3.207096 1 1.784245
3.174687 -1 1.813004
3.174687 1 1.813004
3.141064 -1 1.840333
3.141064 1 1.840333
3.106288 -1 1.866179
3.106288 1 1.866179
3.070425 -1 1.890495
3.070425 1 1.890495
3.033543 -1 1.913234
3.033543 1 1.913234
2.99571 -1 1.934354
2.99571 1 1.934354
2.956997 -1 1.953816
2.956997 1 1.953816
2.917478 -1 1.971582
2.917478 1 1.971582
2.877227 -1 1.98762
2.877227 1 1.98762
2.836318 -1 2.001899
2.836318 1 2.001899
2.79483 -1 2.014392
2.79483 1 2.014392
2.752839 -1 2.025077
2.752839 1 2.025077
2.710425 -1 2.033932
2.710425 1 2.033932
2.667666 -1 2.040942
2.667666 1 2.040942
2.624645 -1 2.046093
2.624645 1 2.046093
2.58144 -1 2.049376
2.58144 1 2.049376
2.538134 -1 2.050784
2.538134 1 2.050784
2.494808 -1 2.050314
2.494808 1 2.050314
2.451543 -1 2.047969
2.451543 1 2.047969
2.408419 -1 2.043751
2.408419 1 2.043751
2.36552 -1 2.037669
2.36552 1 2.037669
2.322923 -1 2.029735
2.322923 1 2.029735
2.280711 -1 2.019962
2.280711 1 2.019962
2.238961 -1 2.008371
2.238961 1 2.008371
2.197753 -1 1.994981
2.197753 1 1.994981
2.157164 -1 1.979819
2.157164 1 1.979819
2.117269 -1 1.962913
2.117269 1 1.962913
2.078144 -1 1.944295
2.078144 1 1.944295
2.039862 -1 1.924
2.039862 1 1.924
2.002496 -1 1.902065
2.002496 1 1.902065
1.966115 -1 1.878532
1.966115 1 1.878532
1.930787 -1 1.853445
1.930787 1 1.853445
1.896579 -1 1.826851
1.896579 1 1.826851
1.863555 -1 1.798801
1.863555 1 1.798801
1.831778 -1 1.769346
1.831778 1 1.769346
1.801306 -1 1.738542
1.801306 1 1.738542
1.772197 -1 1.706448
1.772197 1 1.706448
1.744506 -1 1.673122
1.744506 1 1.673122
1.718284 -1 1.638628
1.718284 1 1.638628
1.693582 -1 1.603031
1.693582 1 1.603031
1.670444 -1 1.566397
1.670444 1 1.566397
1.648916 -1 1.528795
1.648916 1 1.528795
1.629036 -1 1.490296
1.629036 1 1.490296
1.610842 -1 1.450971
1.610842 1 1.450971
1.59437 -1 1.410896
1.59437 1 1.410896
1.579648 -1 1.370145
1.579648 1 1.370145
1.566706 -1 1.328794
1.566706 1 1.328794
1.555567 -1 1.286921
1.555567 1 1.286921
1.546253 -1 1.244605
1.546253 1 1.244605
1.53878 -1 1.201926
1.53878 1 1.201926
1.533163 -1 1.158962
1.533163 1 1.158962
1.529413 -1 1.115796
1.529413 1 1.115796
1.527536 -1 1.072508
1.527536 1 1.072508
1.527536 -1 1.029179
1.527536 1 1.029179
1.529413 -1 0.9858906
1.529413 1 0.9858906
1.533163 -1 0.9427245
1.533163 1 0.9427245
1.53878 -1 0.8997612
1.53878 1 0.8997612
1.546252 -1 0.8570815
1.546252 1 0.8570815
1.555567 -1 0.8147653
1.555567 1 0.8147653
1.566705 -1 0.7728928
1.566705 1 0.7728928
1.579648 -1 0.7315419
1.579648 1 0.7315419
1.594369 -1 0.6907906
1.594369 1 0.6907906
1.610842 -1 0.6507151
1.610842 1 0.6507151
1.629035 -1 0.6113908
1.629035 1 0.6113908
1.648914 -1 0.5728917
1.648914 1 0.5728917
1.670443 -1 0.5352895
1.670443 1 0.5352895
1.693581 -1 0.4986554
1.693581 1 0.4986554
1.718283 -1 0.4630581
1.718283 1 0.4630581
1.744505 -1 0.4285643
1.744505 1 0.4285643
1.772196 -1 0.3952387
1.772196 1 0.3952387
1.801305 -1 0.363144
1.801305 1 0.363144
1.831776 -1 0.3323403
1.831776 1 0.3323403
1.863554 -1 0.3028853
1.863554 1 0.3028853
1.896578 -1 0.2748347
1.896578 1 0.2748347
1.930785 -1 0.2482411
1.930785 1 0.2482411
1.966113 -1 0.223154
1.966113 1 0.223154
2.002494 -1 0.1996211
2.002494 1 0.1996211
2.03986 -1 0.1776863
2.03986 1 0.1776863
2.078142 -1 0.1573907
2.078142 1 0.1573907
2.117267 -1 0.1387722
2.117267 1 0.1387722
2.157162 -1 0.1218662
2.157162 1 0.1218662
2.197751 -1 0.1067042
2.197751 1 0.1067042
2.238959 -1 0.09331489
2.238959 1 0.09331489
2.280709 -1 0.08172303
2.280709 1 0.08172303
2.322922 -1 0.07195061
2.322922 1 0.07195061
2.365518 -1 0.0640161
2.365518 1 0.0640161
2.408417 -1 0.05793422
2.408417 1 0.05793422
2.451541 -1 0.05371636
2.451541 1 0.05371636
2.494807 -1 0.0513705
2.494807 1 0.0513705
2.538133 -1 0.05090106
2.538133 1 0.05090106
2.581439 -1 0.05230892
2.581439 1 0.05230892
2.624643 -1 0.0555914
2.624643 1 0.0555914
2.667665 -1 0.06074238
2.667665 1 0.06074238
2.710423 -1 0.06775212
2.710423 1 0.06775212
2.752837 -1 0.07660758
2.752837 1 0.07660758
2.794828 -1 0.08729213
2.794828 1 0.08729213
2.836317 -1 0.09978551
2.836317 1 0.09978551
2.877225 -1 0.1140643
2.877225 1 0.1140643
2.917477 -1 0.1301021
2.917477 1 0.1301021
2.956996 -1 0.1478682
2.956996 1 0.1478682
2.995708 -1 0.1673296
2.995708 1 0.1673296
3.033541 -1 0.1884496
3.033541 1 0.1884496
3.070424 -1 0.211189
3.070424 1 0.211189
3.106287 -1 0.2355047
3.106287 1 0.2355047
3.141062 -1 0.2613509
3.141062 1 0.2613509
3.174686 -1 0.2886792
3.174686 1 0.2886792
3.207094 -1 0.3174387
3.207094 1 0.3174387
3.238226 -1 0.3475748
3.238226 1 0.3475748
3.268023 -1 0.3790312
3.268023 1 0.3790312
3.29643 -1 0.4117492
3.29643 1 0.4117492
3.323393 -1 0.4456671
3.323393 1 0.4456671
3.348861 -1 0.4807207
3.348861 1 0.4807207
3.372787 -1 0.5168446
3.372787 1 0.5168446
3.395126 -1 0.5539715
3.395126 1 0.5539715
3.415835 -1 0.5920308
3.415835 1 0.5920308
3.434876 -1 0.6309515
3.434876 1 0.6309515
3.452213 -1 0.6706609
3.452213 1 0.6706609
3.467814 -1 0.7110836
3.467814 1 0.7110836
3.481649 -1 0.7521442
3.481649 1 0.7521442
3.493692 -1 0.7937655
3.493692 1 0.7937655
3.503921 -1 0.8358699
3.503921 1 0.8358699
3.512317 -1 0.8783784
3.512317 1 0.8783784
3.518863 -1 0.9212098
3.518863 1 0.9212098
3.523548 -1 0.9642844
3.523548 1 0.9642844
3.526362 -1 1.007522
3.526362 1 1.007522
3.527301 -1 1.050841
3.527301 1 1.050841
2.527301 -1 1.050842
2.527301 1 1.050842
3.541963 -1 -0.7779137
3.541963 1 -0.7779137
3.539149 -1 -0.7346762
3.539149 1 -0.7346762
3.534464 -1 -0.6916013
3.534464 1 -0.6916013
3.527918 -1 -0.6487698
3.527918 1 -0.6487698
3.519522 -1 -0.606262
3.519522 1 -0.606262
3.509293 -1 -0.5641578
3.509293 1 -0.5641578
3.49725 -1 -0.5225363
3.49725 1 -0.5225363
3.483415 -1 -0.4814754
3.483415 1 -0.4814754
3.467814 -1 -0.4410526
3.467814 1 -0.4410526
3.450477 -1 -0.4013434
3.450477 1 -0.4013434
3.431436 -1 -0.3624225
3.431436 1 -0.3624225
3.410727 -1 -0.324363
3.410727 1 -0.324363
3.388388 -1 -0.2872363
3.388388 1 -0.2872363
3.364463 -1 -0.2511122
3.364463 1 -0.2511122
3.338995 -1 -0.2160583
3.338995 1 -0.2160583
3.312032 -1 -0.1821406
3.312032 1 -0.1821406
3.283625 -1 -0.1494228
3.283625 1 -0.1494228
3.253828 -1 -0.1179662
3.253828 1 -0.1179662
3.222696 -1 -0.08782995
3.222696 1 -0.08782995
3.190288 -1 -0.05907053
3.190288 1 -0.05907053
3.156664 -1 -0.03174198
3.156664 1 -0.03174198
3.121888 -1 -0.005895615
3.121888 1 -0.005895615
3.086026 -1 0.01841998
3.086026 1 0.01841998
3.049143 -1 0.04115927
3.049143 1 0.04115927
3.01131 -1 0.06227946
3.01131 1 0.06227946
2.972598 -1 0.08174098
2.972598 1 0.08174098
2.933079 -1 0.09950733
2.933079 1 0.09950733
2.892827 -1 0.115545
2.892827 1 0.115545
2.851919 -1 0.129824
2.851919 1 0.129824
2.81043 -1 0.1423174
2.81043 1 0.1423174
2.768439 -1 0.153002
2.768439 1 0.153002
2.726025 -1 0.1618575
2.726025 1 0.1618575
2.683267 -1 0.1688673
2.683267 1 0.1688673
2.640245 -1 0.1740184
2.640245 1 0.1740184
2.597041 -1 0.1773009
2.597041 1 0.1773009
2.553735 -1 0.1787089
2.553735 1 0.1787089
2.510408 -1 0.1782395
2.510408 1 0.1782395
2.467143 -1 0.1758938
2.467143 1 0.1758938
2.42402 -1 0.171676
2.42402 1 0.171676
2.38112 -1 0.1655942
2.38112 1 0.1655942
2.338524 -1 0.1576597
2.338524 1 0.1576597
2.296311 -1 0.1478874
2.296311 1 0.1478874
2.254562 -1 0.1362957
2.254562 1 0.1362957
2.213354 -1 0.1229064
2.213354 1 0.1229064
2.172764 -1 0.1077446
2.172764 1 0.1077446
2.132869 -1 0.09083855
2.132869 1 0.09083855
2.093745 -1 0.07222039
2.093745 1 0.07222039
2.055463 -1 0.05192477
2.055463 1 0.05192477
2.018096 -1 0.02999002
2.018096 1 0.02999002
1.981715 -1 0.006456912
1.981715 1 0.006456912
1.946388 -1 -0.01862985
1.946388 1 -0.01862985
1.912179 -1 -0.04522365
1.912179 1 -0.04522365
1.879156 -1 -0.07327402
1.879156 1 -0.07327402
1.847378 -1 -0.102729
1.847378 1 -0.102729
1.816906 -1 -0.1335325
1.816906 1 -0.1335325
1.787798 -1 -0.1656272
1.787798 1 -0.1656272
1.760107 -1 -0.1989528
1.760107 1 -0.1989528
1.733885 -1 -0.2334467
1.733885 1 -0.2334467
1.709182 -1 -0.269044
1.709182 1 -0.269044
1.686045 -1 -0.3056779
1.686045 1 -0.3056779
1.664516 -1 -0.3432798
1.664516 1 -0.3432798
1.644636 -1 -0.381779
1.644636 1 -0.381779
1.626443 -1 -0.4211033
1.626443 1 -0.4211033
1.60997 -1 -0.4611786
1.60997 1 -0.4611786
1.595249 -1 -0.5019302
1.595249 1 -0.5019302
1.582306 -1 -0.5432809
1.582306 1 -0.5432809
1.571168 -1 -0.5851536
1.571168 1 -0.5851536
1.561853 -1 -0.6274695
1.561853 1 -0.6274695
1.55438 -1 -0.670149
1.55438 1 -0.670149
1.548764 -1 -0.7131124
1.548764 1 -0.7131124
1.545013 -1 -0.7562789
1.545013 1 -0.7562789
1.543136 -1 -0.799567
1.543136 1 -0.799567
1.543136 -1 -0.8428959
1.543136 1 -0.8428959
1.545013 -1 -0.8861842
1.545013 1 -0.8861842
1.548764 -1 -0.9293503
1.548764 1 -0.9293503
1.55438 -1 -0.9723136
1.55438 1 -0.9723136
1.561853 -1 -1.014993
1.561853 1 -1.014993
1.571167 -1 -1.05731
1.571167 1 -1.05731
1.582306 -1 -1.099182
1.582306 1 -1.099182
1.595248 -1 -1.140533
1.595248 1 -1.140533
1.609969 -1 -1.181284
1.609969 1 -1.181284
1.626442 -1 -1.22136
1.626442 1 -1.22136
1.644635 -1 -1.260684
1.644635 1 -1.260684
1.664515 -1 -1.299183
1.664515 1 -1.299183
1.686044 -1 -1.336785
1.686044 1 -1.336785
1.709181 -1 -1.373419
1.709181 1 -1.373419
1.733884 -1 -1.409017
1.733884 1 -1.409017
1.760105 -1 -1.443511
1.760105 1 -1.443511
1.787796 -1 -1.476836
1.787796 1 -1.476836
1.816905 -1 -1.508931
1.816905 1 -1.508931
1.847377 -1 -1.539735
1.847377 1 -1.539735
1.879154 -1 -1.56919
1.879154 1 -1.56919
1.912178 -1 -1.59724
1.912178 1 -1.59724
1.946386 -1 -1.623834
1.946386 1 -1.623834
1.981714 -1 -1.648921
1.981714 1 -1.648921
2.018095 -1 -1.672454
2.018095 1 -1.672454
2.055461 -1 -1.694389
2.055461 1 -1.694389
2.093742 -1 -1.714684
2.093742 1 -1.714684
2.132867 -1 -1.733303
2.132867 1 -1.733303
2.172762 -1 -1.750209
2.172762 1 -1.750209
2.213351 -1 -1.765371
2.213351 1 -1.765371
2.25456 -1 -1.77876
2.25456 1 -1.77876
2.296309 -1 -1.790352
2.296309 1 -1.790352
2.338522 -1 -1.800124
2.338522 1 -1.800124
2.381118 -1 -1.808059
2.381118 1 -1.808059
2.424018 -1 -1.814141
2.424018 1 -1.814141
2.467141 -1 -1.818358
2.467141 1 -1.818358
2.510407 -1 -1.820704
2.510407 1 -1.820704
2.553733 -1 -1.821174
2.553733 1 -1.821174
2.597039 -1 -1.819766
2.597039 1 -1.819766
2.640244 -1 -1.816483
2.640244 1 -1.816483
2.683265 -1 -1.811332
2.683265 1 -1.811332
2.726023 -1 -1.804323
2.726023 1 -1.804323
2.768438 -1 -1.795467
2.768438 1 -1.795467
2.810429 -1 -1.784783
2.810429 1 -1.784783
2.851917 -1 -1.772289
2.851917 1 -1.772289
2.892826 -1 -1.758011
2.892826 1 -1.758011
2.933077 -1 -1.741973
2.933077 1 -1.741973
2.972596 -1 -1.724207
2.972596 1 -1.724207
3.011308 -1 -1.704745
3.011308 1 -1.704745
3.049141 -1 -1.683625
3.049141 1 -1.683625
3.086024 -1 -1.660886
3.086024 1 -1.660886
3.121887 -1 -1.63657
3.121887 1 -1.63657
3.156663 -1 -1.610724
3.156663 1 -1.610724
3.190286 -1 -1.583396
3.190286 1 -1.583396
3.222695 -1 -1.554636
3.222695 1 -1.554636
3.253827 -1 -1.5245
3.253827 1 -1.5245
3.283624 -1 -1.493044
3.283624 1 -1.493044
3.312031 -1 -1.460326
3.312031 1 -1.460326
3.338994 -1 -1.426408
3.338994 1 -1.426408
3.364462 -1 -1.391354
3.364462 1 -1.391354
3.388387 -1 -1.35523
3.388387 1 -1.35523
3.410726 -1 -1.318103
3.410726 1 -1.318103
3.431435 -1 -1.280044
3.431435 1 -1.280044
3.450476 -1 -1.241123
3.450476 1 -1.241123
3.467813 -1 -1.201414
3.467813 1 -1.201414
3.483414 -1 -1.160991
3.483414 1 -1.160991
3.497249 -1 -1.119931
3.497249 1 -1.119931
3.509293 -1 -1.078309
3.509293 1 -1.078309
3.519522 -1 -1.036205
3.519522 1 -1.036205
3.527917 -1 -0.9936965
3.527917 1 -0.9936965
3.534464 -1 -0.9508651
3.534464 1 -0.9508651
3.539148 -1 -0.9077904
3.539148 1 -0.9077904
3.541963 -1 -0.8645532
3.541963 1 -0.8645532
3.542902 -1 -0.8212342
3.542902 1 -0.8212342
2.542902 -1 -0.8212324
2.542902 1 -0.8212324


// trójkąty
triangles_count 2732
0 26 1
0 25 26
1 27 2
1 26 27
2 28 3
2 27 28
3 29 4
3 28 29
4 30 5
4 29 30
5 31 6
5 30 31
6 32 7
6 31 32
7 33 8
7 32 33
8 34 9
8 33 34
9 35 10
9 34 35
10 36 11
10 35 36
11 37 12
11 36 37
12 38 13
12 37 38
13 39 14
13 38 39
14 40 15
14 39 40
15 41 16
15 40 41
16 42 17
16 41 42
17 43 18
17 42 43
18 44 19
18 43 44
19 45 20
19 44 45
20 46 21
20 45 46
21 47 22
21 46 47
22 48 23
22 47 48
23 49 24
23 48 49
24 25 0
24 49 25
25 51 26
25 50 51
26 52 27
26 51 52
27 53 28
27 52 53
28 54 29
28 53 54
29 55 30
29 54 55
30 56 31
30 55 56
31 57 32
31 56 57
32 58 33
32 57 58
33 59 34
33 58 59
34 60 35
34 59 60
35 61 36
35 60 61
36 62 37
36 61 62
37 63 38
37 62 63
38 64 39
38 63 64
39 65 40
39 64 65
40 66 41
40 65 66
41 67 42
41 66 67
42 68 43
42 67 68
43 69 44
43 68 69
44 70 45
44 69 70
45 71 46
45 70 71
46 72 47
46 71 72
47 73 48
47 72 73
48 74 49
48 73 74
49 50 25
49 74 50
50 76 51
50 75 76
51 77 52
51 76 77
52 78 53
52 77 78
53 79 54
53 78 79
54 80 55
54 79 80
55 81 56
55 80 81
56 82 57
56 81 82
57 83 58
57 82 83
58 84 59
58 83 84
59 85 60
59 84 85
60 86 61
60 85 86
61 87 62
61 86 87
62 88 63
62 87 88
63 89 64
63 88 89
64 90 65
64 89 90
65 91 66
65 90 91
66 92 67
66 91 92
67 93 68
67 92 93
68 94 69
68 93 94
69 95 70
69 94 95
70 96 71
70 95 96
71 97 72
71 96 97
72 98 73
72 97 98
73 99 74
73 98 99
74 75 50
74 99 75
75 101 76
75 100 101
76 102 77
76 101 102
77 103 78
77 102 103
78 104 79
78 103 104
79 105 80
79 104 105
80 106 81
80 105 106
81 107 82
81 106 107
82 108 83
82 107 108
83 109 84
83 108 109
84 110 85
84 109 110
85 111 86
85 110 111
86 112 87
86 111 112
87 113 88
87 112 113
88 114 89
88 113 114
89 115 90
89 114 115
90 116 91
90 115 116
91 117 92
91 116 117
92 118 93
92 117 118
93 119 94
93 118 119
94 120 95
94 119 120
95 121 96
95 120 121
96 122 97
96 121 122
97 123 98
97 122 123
98 124 99
98 123 124
99 100 75
99 124 100
100 126 101
100 125 126
101 127 102
101 126 127
102 128 103
102 127 128
103 129 104
103 128 129
104 130 105
104 129 130
105 131 106
105 130 131
106 132 107
106 131 132
107 133 108
107 132 133
108 134 109
108 133 134
109 135 110
109 134 135
110 136 111
110 135 136
111 137 112
111 136 137
112 138 113
112 137 138
113 139 114
113 138 139
114 140 115
114 139 140
115 141 116
115 140 141
116 142 117
116 141 142
117 143 118
117 142 143
118 144 119
118 143 144
119 145 120
119 144 145
120 146 121
120 145 146
121 147 122
121 146 147
122 148 123
122 147 148
123 149 124
123 148 149
124 125 100
124 149 125
125 151 126
125 150 151
126 152 127
126 151 152
127 153 128
127 152 153
128 154 129
128 153 154
129 155 130
129 154 155
130 156 131
130 155 156
131 157 132
131 156 157
132 158 133
132 157 158
133 159 134
133 158 159
134 160 135
134 159 160
135 161 136
135 160 161
136 162 137
136 161 162
137 163 138
137 162 163
138 164 139
138 163 164
139 165 140
139 164 165
140 166 141
140 165 166
141 167 142
141 166 167
142 168 143
142 167 168
143 169 144
143 168 169
144 170 145
144 169 170
145 171 146
145 170 171
146 172 147
146 171 172
147 173 148
147 172 173
148 174 149
148 173 174
149 150 125
149 174 150
150 176 151
150 175 176
151 177 152
151 176 177
152 178 153
152 177 178
153 179 154
153 178 179
154 180 155
154 179 180
155 181 156
155 180 181
156 182 157
156 181 182
157 183 158
157 182 183
158 184 159
158 183 184
159 185 160
159 184 185
160 186 161
160 185 186
161 187 162
161 186 187
162 188 163
162 187 188
163 189 164
163 188 189
164 190 165
164 189 190
165 191 166
165 190 191
166 192 167
166 191 192
167 193 168
167 192 193
168 194 169
168 193 194
169 195 170
169 194 195
170 196 171
170 195 196
171 197 172
171 196 197
172 198 173
172 197 198
173 199 174
173 198 199
174 175 150
174 199 175
175 201 176
175 200 201
176 202 177
176 201 202
177 203 178
177 202 203
178 204 179
178 203 204
179 205 180
179 204 205
180 206 181
180 205 206
181 207 182
181 206 207
182 208 183
182 207 208
183 209 184
183 208 209
184 210 185
184 209 210
185 211 186
185 210 211
186 212 187
186 211 212
187 213 188
187 212 213
188 214 189
188 213 214
189 215 190
189 214 215
190 216 191
190 215 216
191 217 192
191 216 217
192 218 193
192 217 218
193 219 194
193 218 219
194 220 195
194 219 220
195 221 196
195 220 221
196 222 197
196 221 222
197 223 198
197 222 223
198 224 199
198 223 224
199 200 175
199 224 200
200 226 201
200 225 226
201 227 202
201 226 227
202 228 203
202 227 228
203 229 204
203 228 229
204 230 205
204 229 230
205 231 206
205 230 231
206 232 207
206 231 232
207 233 208
207 232 233
208 234 209
208 233 234
209 235 210
209 234 235
210 236 211
210 235 236
211 237 212
211 236 237
212 238 213
212 237 238
213 239 214
213 238 239
214 240 215
214 239 240
215 241 216
215 240 241
216 242 217
216 241 242
217 243 218
217 242 243
218 244 219
218 243 244
219 245 220
219 244 245
220 246 221
220 245 246
221 247 222
221 246 247
222 248 223
222 247 248
223 249 224
223 248 249
224 225 200
224 249 225
225 251 226
225 250 251
226 252 227
226 251 252
227 253 228
227 252 253
228 254 229
228 253 254
229 255 230
229 254 255
230 256 231
230 255 256
231 257 232
231 256 257
232 258 233
232 257 258
233 259 234
233 258 259
234 260 235
234 259 260
235 261 236
235 260 261
236 262 237
236 261 262
237 263 238
237 262 263
238 264 239
238 263 264
239 265 240
239 264 265
240 266 241
240 265 266
241 267 242
241 266 267
242 268 243
242 267 268
243 269 244
243 268 269
244 270 245
244 269 270
245 271 246
245 270 271
246 272 247
246 271 272
247 273 248
247 272 273
248 274 249
248 273 274
249 250 225
249 274 250
250 276 251
250 275 276
251 277 252
251 276 277
252 278 253
252 277 278
253 279 254
253 278 279
254 280 255
254 279 280
255 281 256
255 280 281
256 282 257
256 281 282
257 283 258
257 282 283
258 284 259
258 283 284
259 285 260
259 284 285
260 286 261
260 285 286
261 287 262
261 286 287
262 288 263
262 287 288
263 289 264
263 288 289
264 290 265
264 289 290
265 291 266
265 290 291
266 292 267
266 291 292
267 293 268
267 292 293
268 294 269
268 293 294
269 295 270
269 294 295
270 296 271
270 295 296
271 297 272
271 296 297
272 298 273
272 297 298
273 299 274
273 298 299
274 275 250
274 299 275
275 301 276
275 300 301
276 302 277
276 301 302
277 303 278
277 302 303
278 304 279
278 303 304
279 305 280
279 304 305
280 306 281
280 305 306
281 307 282
281 306 307
282 308 283
282 307 308
283 309 284
283 308 309
284 310 285
284 309 310
285 311 286
285 310 311
286 312 287
286 311 312
287 313 288
287 312 313
288 314 289
288 313 314
289 315 290
289 314 315
290 316 291
290 315 316
291 317 292
291 316 317
292 318 293
292 317 318
293 319 294
293 318 319
294 320 295
294 319 320
295 321 296
295 320 321
296 322 297
296 321 322
297 323 298
297 322 323
298 324 299
298 323 324
299 300 275
299 324 300
300 326 301
300 325 326
301 327 302
301 326 327
302 328 303
302 327 328
303 329 304
303 328 329
304 330 305
304 329 330
305 331 306
305 330 331
306 332 307
306 331 332
307 333 308
307 332 333
308 334 309
308 333 334
309 335 310
309 334 335
310 336 311
310 335 336
311 337 312
311 336 337
312 338 313
312 337 338
313 339 314
313 338 339
314 340 315
314 339 340
315 341 316
315 340 341
316 342 317
316 341 342
317 343 318
317 342 343
318 344 319
318 343 344
319 345 320
319 344 345
320 346 321
320 345 346
321 347 322
321 346 347
322 348 323
322 347 348
323 349 324
323 348 349
324 325 300
324 349 325
325 351 326
325 350 351
326 352 327
326 351 352
327 353 328
327 352 353
328 354 329
328 353 354
329 355 330
329 354 355
330 356 331
330 355 356
331 357 332
331 356 357
332 358 333
332 357 358
333 359 334
333 358 359
334 360 335
334 359 360
335 361 336
335 360 361
336 362 337
336 361 362
337 363 338
337 362 363
338 364 339
338 363 364
339 365 340
339 364 365
340 366 341
340 365 366
341 367 342
341 366 367
342 368 343
342 367 368
343 369 344
343 368 369
344 370 345
344 369 370
345 371 346
345 370 371
346 372 347
346 371 372
347 373 348
347 372 373
348 374 349
348 373 374
349 350 325
349 374 350
350 376 351
350 375 376
351 377 352
351 376 377
352 378 353
352 377 378
353 379 354
353 378 379
354 380 355
354 379 380
355 381 356
355 380 381
356 382 357
356 381 382
357 383 358
357 382 383
358 384 359
358 383 384
359 385 360
359 384 385
360 386 361
360 385 386
361 387 362
361 386 387
362 388 363
362 387 388
363 389 364
363 388 389
364 390 365
364 389 390
365 391 366
365 390 391
366 392 367
366 391 392
367 393 368
367 392 393
368 394 369
368 393 394
369 395 370
369 394 395
370 396 371
370 395 396
371 397 372
371 396 397
372 398 373
372 397 398
373 399 374
373 398 399
374 375 350
374 399 375
375 401 376
375 400 401
376 402 377
376 401 402
377 403 378
377 402 403
378 404 379
378 403 404
379 405 380
379 404 405
380 406 381
380 405 406
381 407 382
381 406 407
382 408 383
382 407 408
383 409 384
383 408 409
384 410 385
384 409 410
385 411 386
385 410 411
386 412 387
386 411 412
387 413 388
387 412 413
388 414 389
388 413 414
389 415 390
389 414 415
390 416 391
390 415 416
391 417 392
391 416 417
392 418 393
392 417 418
393 419 394
393 418 419
394 420 395
394 419 420
395 421 396
395 420 421
396 422 397
396 421 422
397 423 398
397 422 423
398 424 399
398 423 424
399 400 375
399 424 400
400 426 401
400 425 426
401 427 402
401 426 427
402 428 403
402 427 428
403 429 404
403 428 429
404 430 405
404 429 430
405 431 406
405 430 431
406 432 407
406 431 432
407 433 408
407 432 433
408 434 409
408 433 434
409 435 410
409 434 435
410 436 411
410 435 436
411 437 412
411 436 437
412 438 413
412 437 438
413 439 414
413 438 439
414 440 415
414 439 440
415 441 416
415 440 441
416 442 417
416 441 442
417 443 418
417 442 443
418 444 419
418 443 444
419 445 420
419 444 445
420 446 421
420 445 446
421 447 422
421 446 447
422 448 423
422 447 448
423 449 424
423 448 449
424 425 400
424 449 425
425 451 426
425 450 451
426 452 427
426 451 452
427 453 428
427 452 453
428 454 429
428 453 454
429 455 430
429 454 455
430 456 431
430 455 456
431 457 432
431 456 457
432 458 433
432 457 458
433 459 434
433 458 459
434 460 435
434 459 460
435 461 436
435 460 461
436 462 437
436 461 462
437 463 438
437 462 463
438 464 439
438 463 464
439 465 440
439 464 465
440 466 441
440 465 466
441 467 442
441 466 467
442 468 443
442 467 468
443 469 444
443 468 469
444 470 445
444 469 470
445 471 446
445 470 471
446 472 447
446 471 472
447 473 448
447 472 473
448 474 449
448 473 474
449 450 425
449 474 450
450 476 451
450 475 476
451 477 452
451 476 477
452 478 453
452 477 478
453 479 454
453 478 479
454 480 455
454 479 480
455 481 456
455 480 481
456 482 457
456 481 482
457 483 458
457 482 483
458 484 459
458 483 484
459 485 460
459 484 485
460 486 461
460 485 486
461 487 462
461 486 487
462 488 463
462 487 488
463 489 464
463 488 489
464 490 465
464 489 490
465 491 466
465 490 491
466 492 467
466 491 492
467 493 468
467 492 493
468 494 469
468 493 494
469 495 470
469 494 495
470 496 471
470 495 496
471 497 472
471 496 497
472 498 473
472 497 498
473 499 474
473 498 499
474 475 450
474 499 475
475 501 476
475 500 501
476 502 477
476 501 502
477 503 478
477 502 503
478 504 479
478 503 504
479 505 480
479 504 505
480 506 481
480 505 506
481 507 482
481 506 507
482 508 483
482 507 508
483 509 484
483 508 509
484 510 485
484 509 510
485 511 486
485 510 511
486 512 487
486 511 512
487 513 488
487 512 513
488 514 489
488 513 514
489 515 490
489 514 515
490 516 491
490 515 516
491 517 492
491 516 517
492 518 493
492 517 518
493 519 494
493 518 519
494 520 495
494 519 520
495 521 496
495 520 521
496 522 497
496 521 522
497 523 498
497 522 523
498 524 499
498 523 524
499 500 475
499 524 500
500 526 501
500 525 526
501 527 502
501 526 527
502 528 503
502 527 528
503 529 504
503 528 529
504 530 505
504 529 530
505 531 506
505 530 531
506 532 507
506 531 532
507 533 508
507 532 533
508 534 509
508 533 534
509 535 510
509 534 535
510 536 511
510 535 536
511 537 512
511 536 537
512 538 513
512 537 538
513 539 514
513 538 539
514 540 515
514 539 540
515 541 516
515 540 541
516 542 517
516 541 542
517 543 518
517 542 543
518 544 519
518 543 544
519 545 520
519 544 545
520 546 521
520 545 546
521 547 522
521 546 547
522 548 523
522 547 548
523 549 524
523 548 549
524 525 500
524 549 525
525 551 526
525 550 551
526 552 527
526 551 552
527 553 528
527 552 553
528 554 529
528 553 554
529 555 530
529 554 555
530 556 531
530 555 556
531 557 532
531 556 557
532 558 533
532 557 558
533 559 534
533 558 559
534 560 535
534 559 560
535 561 536
535 560 561
536 562 537
536 561 562
537 563 538
537 562 563
538 564 539
538 563 564
539 565 540
539 564 565
540 566 541
540 565 566
541 567 542
541 566 567
542 568 543
542 567 568
543 569 544
543 568 569
544 570 545
544 569 570
545 571 546
545 570 571
546 572 547
546 571 572
547 573 548
547 572 573
548 574 549
548 573 574
549 550 525
549 574 550
550 576 551
550 575 576
551 577 552
551 576 577
552 578 553
552 577 578
553 579 554
553 578 579
554 580 555
554 579 580
555 581 556
555 580 581
556 582 557
556 581 582
557 583 558
557 582 583
558 584 559
558 583 584
559 585 560
559 584 585
560 586 561
560 585 586
561 587 562
561 586 587
562 588 563
562 587 588
563 589 564
563 588 589
564 590 565
564 589 590
565 591 566
565 590 591
566 592 567
566 591 592
567 593 568
567 592 593
568 594 569
568 593 594
569 595 570
569 594 595
570 596 571
570 595 596
571 597 572
571 596 597
572 598 573
572 597 598
573 599 574
573 598 599
574 575 550
574 599 575
601 0 1
576 575 600
601 1 2
577 576 600
601 2 3
578 577 600
601 3 4
579 578 600
601 4 5
580 579 600
601 5 6
581 580 600
601 6 7
582 581 600
601 7 8
583 582 600
601 8 9
584 583 600
601 9 10
585 584 600
601 10 11
586 585 600
601 11 12
587 586 600
601 12 13
588 587 600
601 13 14
589 588 600
601 14 15
590 589 600
601 15 16
591 590 600
601 16 17
592 591 600
601 17 18
593 592 600
601 18 19
594 593 600
601 19 20
595 594 600
601 20 21
596 595 600
601 21 22
597 596 600
601 22 23
598 597 600
601 23 24
599 598 600
601 24 0
575 599 600
603 602 782
604 603 782
605 604 782
606 605 782
607 606 782
608 607 782
609 608 782
610 609 782
611 610 782
612 611 782
613 612 782
614 613 782
615 614 782
616 615 782
617 616 782
618 617 782
619 618 782
620 619 782
621 620 782
622 621 782
623 622 782
624 623 782
625 624 782
626 625 782
627 626 782
628 627 782
629 628 782
630 629 782
631 630 782
632 631 782
633 632 782
634 633 782
635 634 782
636 635 782
637 636 782
638 637 782
639 638 782
640 639 782
641 640 782
642 641 782
643 642 782
644 643 782
645 644 782
646 645 782
647 646 782
648 647 782
649 648 782
650 649 782
651 650 782
652 651 782
653 652 782
654 653 782
655 654 782
656 655 782
657 656 782
658 657 782
659 658 782
660 659 782
661 660 782
662 661 782
663 662 782
664 663 782
665 664 782
666 665 782
667 666 782
668 667 782
669 668 782
670 669 782
671 670 782
672 671 782
673 672 782
674 673 782
675 674 782
676 675 782
677 676 782
678 677 782
679 678 782
680 679 782
681 680 782
682 681 782
683 682 782
684 683 782
685 684 782
686 685 782
687 686 782
688 687 782
689 688 782
690 689 782
691 690 782
692 691 782
693 692 782
694 693 782
695 694 782
696 695 782
697 696 782
698 697 782
699 698 782
700 699 782
701 700 782
702 701 782
703 702 782
704 703 782
705 704 782
706 705 782
707 706 782
708 707 782
709 708 782
710 709 782
711 710 782
712 711 782
713 712 782
714 713 782
715 714 782
716 715 782
717 716 782
718 717 782
719 718 782
720 719 782
721 720 782
722 721 782
723 722 782
724 723 782
725 724 782
726 725 782
727 726 782
728 727 782
729 728 782
730 729 782
731 730 782
732 731 782
733 732 782
734 733 782
735 734 782
736 735 782
737 736 782
738 737 782
739 738 782
740 739 782
741 740 782
742 741 782
743 742 782
744 743 782
745 744 782
746 745 782
747 746 782
748 747 782
749 748 782
750 749 782
751 750 782
752 751 782
753 752 782
754 753 782
755 754 782
756 755 782
757 756 782
758 757 782
759 758 782
760 759 782
761 760 782
762 761 782
763 762 782
764 763 782
765 764 782
766 765 782
767 766 782
768 767 782
769 768 782
770 769 782
771 770 782
772 771 782
773 772 782
774 773 782
775 774 782
776 775 782
777 776 782
778 777 782
779 778 782
780 779 782
781 780 782
602 781 782
602 603 783
603 604 783
604 605 783
605 606 783
606 607 783
607 608 783
608 609 783
609 610 783
610 611 783
611 612 783
612 613 783
613 614 783
614 615 783
615 616 783
616 617 783
617 618 783
618 619 783
619 620 783
620 621 783
621 622 783
622 623 783
623 624 783
624 625 783
625 626 783
626 627 783
627 628 783
628 629 783
629 630 783
630 631 783
631 632 783
632 633 783
633 634 783
634 635 783
635 636 783
636 637 783
637 638 783
638 639 783
639 640 783
640 641 783
641 642 783
642 643 783
643 644 783
644 645 783
645 646 783
646 647 783
647 648 783
648 649 783
649 650 783
650 651 783
651 652 783
652 653 783
653 654 783
654 655 783
655 656 783
656 657 783
657 658 783
658 659 783
659 660 783
660 661 783
661 662 783
662 663 783
663 664 783
664 665 783
665 666 783
666 667 783
667 668 783
668 669 783
669 670 783
670 671 783
671 672 783
672 673 783
673 674 783
674 675 783
675 676 783
676 677 783
677 678 783
678 679 783
679 680 783
680 681 783
681 682 783
682 683 783
683 684 783
684 685 783
685 686 783
686 687 783
687 688 783
688 689 783
689 690 783
690 691 783
691 692 783
692 693 783
693 694 783
694 695 783
695 696 783
696 697 783
697 698 783
698 699 783
699 700 783
700 701 783
701 702 783
702 703 783
703 704 783
704 705 783
705 706 783
706 707 783
707 708 783
708 709 783
709 710 783
710 711 783
711 712 783
712 713 783
713 714 783
714 715 783
715 716 783
716 717 783
717 718 783
718 719 783
719 720 783
720 721 783
721 722 783
722 723 783
723 724 783
724 725 783
725 726 783
726 727 783
727 728 783
728 729 783
729 730 783
730 731 783
731 732 783
732 733 783
733 734 783
734 735 783
735 736 783
736 737 783
737 738 783
738 739 783
739 740 783
740 741 783
741 742 783
742 743 783
743 744 783
744 745 783
745 746 783
746 747 783
747 748 783
748 749 783
749 750 783
750 751 783
751 752 783
752 753 783
753 754 783
754 755 783
755 756 783
756 757 783
757 758 783
758 759 783
759 760 783
760 761 783
761 762 783
762 763 783
763 764 783
764 765 783
765 766 783
766 767 783
767 768 783
768 769 783
769 770 783
770 771 783
771 772 783
772 773 783
773 774 783
774 775 783
775 776 783
776 777 783
777 778 783
778 779 783
779 780 783
780 781 783
781 602 783
784 788 785
784 787 788
785 789 786
785 788 789
786 787 784
786 789 787
791 784 785
788 787 790
791 785 786
789 788 790
791 786 784
787 789 790
793 795 1083
794 792 1082
795 797 1083
796 794 1082
797 799 1083
798 796 1082
799 801 1083
800 798 1082
801 803 1083
802 800 1082
803 805 1083
804 802 1082
805 807 1083
806 804 1082
807 809 1083
808 806 1082
809 811 1083
810 808 1082
811 813 1083
812 810 1082
813 815 1083
814 812 1082
815 817 1083
816 814 1082
817 819 1083
818 816 1082
819 821 1083
820 818 1082
821 823 1083
822 820 1082
823 825 1083
824 822 1082
825 827 1083
826 824 1082
827 829 1083
828 826 1082
829 831 1083
830 828 1082
831 833 1083
832 830 1082
833 835 1083
834 832 1082
835 837 1083
836 834 1082
837 839 1083
838 836 1082
839 841 1083
840 838 1082
841 843 1083
842 840 1082
843 845 1083
844 842 1082
845 847 1083
846 844 1082
847 849 1083
848 846 1082
849 851 1083
850 848 1082
851 853 1083
852 850 1082
853 855 1083
854 852 1082
855 857 1083
856 854 1082
857 859 1083
858 856 1082
859 861 1083
860 858 1082
861 863 1083
862 860 1082
863 865 1083
864 862 1082
865 867 1083
866 864 1082
867 869 1083
868 866 1082
869 871 1083
870 868 1082
871 873 1083
872 870 1082
873 875 1083
874 872 1082
875 877 1083
876 874 1082
877 879 1083
878 876 1082
879 881 1083
880 878 1082
881 883 1083
882 880 1082
883 885 1083
884 882 1082
885 887 1083
886 884 1082
887 889 1083
888 886 1082
889 891 1083
890 888 1082
891 893 1083
892 890 1082
893 895 1083
894 892 1082
895 897 1083
896 894 1082
897 899 1083
898 896 1082
899 901 1083
900 898 1082
901 903 1083
902 900 1082
903 905 1083
904 902 1082
905 907 1083
906 904 1082
907 909 1083
908 906 1082
909 911 1083
910 908 1082
911 913 1083
912 910 1082
913 915 1083
914 912 1082
915 917 1083
916 914 1082
917 919 1083
918 916 1082
919 921 1083
920 918 1082
921 923 1083
922 920 1082
923 925 1083
924 922 1082
925 927 1083
926 924 1082
927 929 1083
928 926 1082
929 931 1083
930 928 1082
931 933 1083
932 930 1082
933 935 1083
934 932 1082
935 937 1083
936 934 1082
937 939 1083
938 936 1082
939 941 1083
940 938 1082
941 943 1083
942 940 1082
943 945 1083
944 942 1082
945 947 1083
946 944 1082
947 949 1083
948 946 1082
949 951 1083
950 948 1082
951 953 1083
952 950 1082
953 955 1083
954 952 1082
955 957 1083
956 954 1082
957 959 1083
958 956 1082
959 961 1083
960 958 1082
961 963 1083
962 960 1082
963 965 1083
964 962 1082
965 967 1083
966 964 1082
967 969 1083
968 966 1082
969 971 1083
970 968 1082
971 973 1083
972 970 1082
973 975 1083
974 972 1082
975 977 1083
976 974 1082
977 979 1083
978 976 1082
979 981 1083
980 978 1082
981 983 1083
982 980 1082
983 985 1083
984 982 1082
985 987 1083
986 984 1082
987 989 1083
988 986 1082
989 991 1083
990 988 1082
991 993 1083
992 990 1082
993 995 1083
994 992 1082
995 997 1083
996 994 1082
997 999 1083
998 996 1082
999 1001 1083
1000 998 1082
1001 1003 1083
1002 1000 1082
1003 1005 1083
1004 1002 1082
1005 1007 1083
1006 1004 1082
1007 1009 1083
1008 1006 1082
1009 1011 1083
1010 1008 1082
1011 1013 1083
1012 1010 1082
1013 1015 1083
1014 1012 1082
1015 1017 1083
1016 1014 1082
1017 1019 1083
1018 1016 1082
1019 1021 1083
1020 1018 1082
1021 1023 1083
1022 1020 1082
1023 1025 1083
1024 1022 1082
1025 1027 1083
1026 1024 1082
1027 1029 1083
1028 1026 1082
1029 1031 1083
1030 1028 1082
1031 1033 1083
1032 1030 1082
1033 1035 1083
1034 1032 1082
1035 1037 1083
1036 1034 1082
1037 1039 1083
1038 1036 1082
1039 1041 1083
1040 1038 1082
1041 1043 1083
1042 1040 1082
1043 1045 1083
1044 1042 1082
1045 1047 1083
1046 1044 1082
1047 1049 1083
1048 1046 1082
1049 1051 1083
1050 1048 1082
1051 1053 1083
1052 1050 1082
1053 1055 1083
1054 1052 1082
1055 1057 1083
1056 1054 1082
1057 1059 1083
1058 1056 1082
1059 1061 1083
1060 1058 1082
1061 1063 1083
1062 1060 1082
1063 1065 1083
1064 1062 1082
1065 1067 1083
1066 1064 1082
1067 1069 1083
1068 1066 1082
1069 1071 1083
1070 1068 1082
1071 1073 1083
1072 1070 1082
1073 1075 1083
1074 1072 1082
1075 1077 1083
1076 1074 1082
1077 1079 1083
1078 1076 1082
1079 1081 1083
1080 1078 1082
1081 793 1083
792 1080 1082
792 794 793
794 795 793
794 796 795
796 797 795
796 798 797
798 799 797
798 800 799
800 801 799
800 802 801
802 803 801
802 804 803
804 805 803
804 806 805
806 807 805
806 808 807
808 809 807
808 810 809
810 811 809
810 812 811
812 813 811
812 814 813
814 815 813
814 816 815
816 817 815
816 818 817
818 819 817
818 820 819
820 821 819
820 822 821
822 823 821
822 824 823
824 825 823
824 826 825
826 827 825
826 828 827
828 829 827
828 830 829
830 831 829
830 832 831
832 833 831
832 834 833
834 835 833
834 836 835
836 837 835
836 838 837
838 839 837
838 840 839
840 841 839
840 842 841
842 843 841
842 844 843
844 845 843
844 846 845
846 847 845
846 848 847
848 849 847
848 850 849
850 851 849
850 852 851
852 853 851
852 854 853
854 855 853
854 856 855
856 857 855
856 858 857
858 859 857
858 860 859
860 861 859
860 862 861
862 863 861
862 864 863
864 865 863
864 866 865
866 867 865
866 868 867
868 869 867
868 870 869
870 871 869
870 872 871
872 873 871
872 874 873
874 875 873
874 876 875
876 877 875
876 878 877
878 879 877
878 880 879
880 881 879
880 882 881
882 883 881
882 884 883
884 885 883
884 886 885
886 887 885
886 888 887
888 889 887
888 890 889
890 891 889
890 892 891
892 893 891
892 894 893
894 895 893
894 896 895
896 897 895
896 898 897
898 899 897
898 900 899
900 901 899
900 902 901
902 903 901
902 904 903
904 905 903
904 906 905
906 907 905
906 908 907
908 909 907
908 910 909
910 911 909
910 912 911
912 913 911
912 914 913
914 915 913
914 916 915
916 917 915
916 918 917
918 919 917
918 920 919
920 921 919
920 922 921
922 923 921
922 924 923
924 925 923
924 926 925
926 927 925
926 928 927
928 929 927
928 930 929
930 931 929
930 932 931
932 933 931
932 934 933
934 935 933
934 936 935
936 937 935
936 938 937
938 939 937
938 940 939
940 941 939
940 942 941
942 943 941
942 944 943
944 945 943
944 946 945
946 947 945
946 948 947
948 949 947
948 950 949
950 951 949
950 952 951
952 953 951
952 954 953
954 955 953
954 956 955
956 957 955
956 958 957
958 959 957
958 960 959
960 961 959
960 962 961
962 963 961
962 964 963
964 965 963
964 966 965
966 967 965
966 968 967
968 969 967
968 970 969
970 971 969
970 972 971
972 973 971
972 974 973
974 975 973
974 976 975
976 977 975
976 978 977
978 979 977
978 980 979
980 981 979
980 982 981
982 983 981
982 984 983
984 985 983
984 986 985
986 987 985
986 988 987
988 989 987
988 990 989
990 991 989
990 992 991
992 993 991
992 994 993
994 995 993
994 996 995
996 997 995
996 998 997
998 999 997
998 1000 999
1000 1001 999
1000 1002 1001
1002 1003 1001
1002 1004 1003
1004 1005 1003
1004 1006 1005
1006 1007 1005
1006 1008 1007
1008 1009 1007
1008 1010 1009
1010 1011 1009
1010 1012 1011
1012 1013 1011
1012 1014 1013
1014 1015 1013
1014 1016 1015
1016 1017 1015
1016 1018 1017
1018 1019 1017
1018 1020 1019
1020 1021 1019
1020 1022 1021
1022 1023 1021
1022 1024 1023
1024 1025 1023
1024 1026 1025
1026 1027 1025
1026 1028 1027
1028 1029 1027
1028 1030 1029
1030 1031 1029
1030 1032 1031
1032 1033 1031
1032 1034 1033
1034 1035 1033
1034 1036 1035
1036 1037 1035
1036 1038 1037
1038 1039 1037
1038 1040 1039
1040 1041 1039
1040 1042 1041
1042 1043 1041
1042 1044 1043
1044 1045 1043
1044 1046 1045
1046 1047 1045
1046 1048 1047
1048 1049 1047
1048 1050 1049
1050 1051 1049
1050 1052 1051
1052 1053 1051
1052 1054 1053
1054 1055 1053
1054 1056 1055
1056 1057 1055
1056 1058 1057
1058 1059 1057
1058 1060 1059
1060 1061 1059
1060 1062 1061
1062 1063 1061
1062 1064 1063
1064 1065 1063
1064 1066 1065
1066 1067 1065
1066 1068 1067
1068 1069 1067
1068 1070 1069
1070 1071 1069
1070 1072 1071
1072 1073 1071
1072 1074 1073
1074 1075 1073
1074 1076 1075
1076 1077 1075
1076 1078 1077
1078 1079 1077
1078 1080 1079
1080 1081 1079
1080 792 1081
792 793 1081
1085 1087 1375
1086 1084 1374
1087 1089 1375
1088 1086 1374
1089 1091 1375
1090 1088 1374
1091 1093 1375
1092 1090 1374
1093 1095 1375
1094 1092 1374
1095 1097 1375
1096 1094 1374
1097 1099 1375
1098 1096 1374
1099 1101 1375
1100 1098 1374
1101 1103 1375
1102 1100 1374
1103 1105 1375
1104 1102 1374
1105 1107 1375
1106 1104 1374
1107 1109 1375
1108 1106 1374
1109 1111 1375
1110 1108 1374
1111 1113 1375
1112 1110 1374
1113 1115 1375
1114 1112 1374
1115 1117 1375
1116 1114 1374
1117 1119 1375
1118 1116 1374
1119 1121 1375
1120 1118 1374
1121 1123 1375
1122 1120 1374
1123 1125 1375
1124 1122 1374
1125 1127 1375
1126 1124 1374
1127 1129 1375
1128 1126 1374
1129 1131 1375
1130 1128 1374
1131 1133 1375
1132 1130 1374
1133 1135 1375
1134 1132 1374
1135 1137 1375
1136 1134 1374
1137 1139 1375
1138 1136 1374
1139 1141 1375
1140 1138 1374
1141 1143 1375
1142 1140 1374
1143 1145 1375
1144 1142 1374
1145 1147 1375
1146 1144 1374
1147 1149 1375
1148 1146 1374
1149 1151 1375
1150 1148 1374
1151 1153 1375
1152 1150 1374
1153 1155 1375
1154 1152 1374
1155 1157 1375
1156 1154 1374
1157 1159 1375
1158 1156 1374
1159 1161 1375
1160 1158 1374
1161 1163 1375
1162 1160 1374
1163 1165 1375
1164 1162 1374
1165 1167 1375
1166 1164 1374
1167 1169 1375
1168 1166 1374
1169 1171 1375
1170 1168 1374
1171 1173 1375
1172 1170 1374
1173 1175 1375
1174 1172 1374
1175 1177 1375
1176 1174 1374
1177 1179 1375
1178 1176 1374
1179 1181 1375
1180 1178 1374
1181 1183 1375
1182 1180 1374
1183 1185 1375
1184 1182 1374
1185 1187 1375
1186 1184 1374
1187 1189 1375
1188 1186 1374
1189 1191 1375
1190 1188 1374
1191 1193 1375
1192 1190 1374
1193 1195 1375
1194 1192 1374
1195 1197 1375
1196 1194 1374
1197 1199 1375
1198 1196 1374
1199 1201 1375
1200 1198 1374
1201 1203 1375
1202 1200 1374
1203 1205 1375
1204 1202 1374
1205 1207 1375
1206 1204 1374
1207 1209 1375
1208 1206 1374
1209 1211 1375
1210 1208 1374
1211 1213 1375
1212 1210 1374
1213 1215 1375
1214 1212 1374
1215 1217 1375
1216 1214 1374
1217 1219 1375
1218 1216 1374
1219 1221 1375
1220 1218 1374
1221 1223 1375
1222 1220 1374
1223 1225 1375
1224 1222 1374
1225 1227 1375
1226 1224 1374
1227 1229 1375
1228 1226 1374
1229 1231 1375
1230 1228 1374
1231 1233 1375
1232 1230 1374
1233 1235 1375
1234 1232 1374
1235 1237 1375
1236 1234 1374
1237 1239 1375
1238 1236 1374
1239 1241 1375
1240 1238 1374
1241 1243 1375
1242 1240 1374
1243 1245 1375
1244 1242 1374
1245 1247 1375
1246 1244 1374
1247 1249 1375
1248 1246 1374
1249 1251 1375
1250 1248 1374
1251 1253 1375
1252 1250 1374
1253 1255 1375
1254 1252 1374
1255 1257 1375
1256 1254 1374
1257 1259 1375
1258 1256 1374
1259 1261 1375
1260 1258 1374
1261 1263 1375
1262 1260 1374
1263 1265 1375
1264 1262 1374
1265 1267 1375
1266 1264 1374
1267 1269 1375
1268 1266 1374
1269 1271 1375
1270 1268 1374
1271 1273 1375
1272 1270 1374
1273 1275 1375
1274 1272 1374
1275 1277 1375
1276 1274 1374
1277 1279 1375
1278 1276 1374
1279 1281 1375
1280 1278 1374
1281 1283 1375
1282 1280 1374
1283 1285 1375
1284 1282 1374
1285 1287 1375
1286 1284 1374
1287 1289 1375
1288 1286 1374
1289 1291 1375
1290 1288 1374
1291 1293 1375
1292 1290 1374
1293 1295 1375
1294 1292 1374
1295 1297 1375
1296 1294 1374
1297 1299 1375
1298 1296 1374
1299 1301 1375
1300 1298 1374
1301 1303 1375
1302 1300 1374
1303 1305 1375
1304 1302 1374
1305 1307 1375
1306 1304 1374
1307 1309 1375
1308 1306 1374
1309 1311 1375
1310 1308 1374
1311 1313 1375
1312 1310 1374
1313 1315 1375
1314 1312 1374
1315 1317 1375
1316 1314 1374
1317 1319 1375
1318 1316 1374
1319 1321 1375
1320 1318 1374
1321 1323 1375
1322 1320 1374
1323 1325 1375
1324 1322 1374
1325 1327 1375
1326 1324 1374
1327 1329 1375
1328 1326 1374
1329 1331 1375
1330 1328 1374
1331 1333 1375
1332 1330 1374
1333 1335 1375
1334 1332 1374
1335 1337 1375
1336 1334 1374
1337 1339 1375
1338 1336 1374
1339 1341 1375
1340 1338 1374
1341 1343 1375
1342 1340 1374
1343 1345 1375
1344 1342 1374
1345 1347 1375
1346 1344 1374
1347 1349 1375
1348 1346 1374
1349 1351 1375
1350 1348 1374
1351 1353 1375
1352 1350 1374
1353 1355 1375
1354 1352 1374
1355 1357 1375
1356 1354 1374
1357 1359 1375
1358 1356 1374
1359 1361 1375
1360 1358 1374
1361 1363 1375
1362 1360 1374
1363 1365 1375
1364 1362 1374
1365 1367 1375
1366 1364 1374
1367 1369 1375
1368 1366 1374
1369 1371 1375
1370 1368 1374
1371 1373 1375
1372 1370 1374
1373 1085 1375
1084 1372 1374
1084 1086 1085
1086 1087 1085
1086 1088 1087
1088 1089 1087
1088 1090 1089
1090 1091 1089
1090 1092 1091
1092 1093 1091
1092 1094 1093
1094 1095 1093
1094 1096 1095
1096 1097 1095
1096 1098 1097
1098 1099 1097
1098 1100 1099
1100 1101 1099
1100 1102 1101
1102 1103 1101
1102 1104 1103
1104 1105 1103
1104 1106 1105
1106 1107 1105
1106 1108 1107
1108 1109 1107
1108 1110 1109
1110 1111 1109
1110 1112 1111
1112 1113 1111
1112 1114 1113
1114 1115 1113
1114 1116 1115
1116 1117 1115
1116 1118 1117
1118 1119 1117
1118 1120 1119
1120 1121 1119
1120 1122 1121
1122 1123 1121
1122 1124 1123
1124 1125 1123
1124 1126 1125
1126 1127 1125
1126 1128 1127
1128 1129 1127
1128 1130 1129
1130 1131 1129
1130 1132 1131
1132 1133 1131
1132 1134 1133
1134 1135 1133
1134 1136 1135
1136 1137 1135
1136 1138 1137
1138 1139 1137
1138 1140 1139
1140 1141 1139
1140 1142 1141
1142 1143 1141
1142 1144 1143
1144 1145 1143
1144 1146 1145
1146 1147 1145
1146 1148 1147
1148 1149 1147
1148 1150 1149
1150 1151 1149
1150 1152 1151
1152 1153 1151
1152 1154 1153
1154 1155 1153
1154 1156 1155
1156 1157 1155
1156 1158 1157
1158 1159 1157
1158 1160 1159
1160 1161 1159
1160 1162 1161
1162 1163 1161
1162 1164 1163
1164 1165 1163
1164 1166 1165
1166 1167 1165
1166 1168 1167
1168 1169 1167
1168 1170 1169
1170 1171 1169
1170 1172 1171
1172 1173 1171
1172 1174 1173
1174 1175 1173
1174 1176 1175
1176 1177 1175
1176 1178 1177
1178 1179 1177
1178 1180 1179
1180 1181 1179
1180 1182 1181
1182 1183 1181
1182 1184 1183
1184 1185 1183
1184 1186 1185
1186 1187 1185
1186 1188 1187
1188 1189 1187
1188 1190 1189
1190 1191 1189
1190 1192 1191
1192 1193 1191
1192 1194 1193
1194 1195 1193
1194 1196 1195
1196 1197 1195
1196 1198 1197
1198 1199 1197
1198 1200 1199
1200 1201 1199
1200 1202 1201
1202 1203 1201
1202 1204 1203
1204 1205 1203
1204 1206 1205
1206 1207 1205
1206 1208 1207
1208 1209 1207
1208 1210 1209
1210 1211 1209
1210 1212 1211
1212 1213 1211
1212 1214 1213
1214 1215 1213
1214 1216 1215
1216 1217 1215
1216 1218 1217
1218 1219 1217
1218 1220 1219
1220 1221 1219
1220 1222 1221
1222 1223 1221
1222 1224 1223
1224 1225 1223
1224 1226 1225
1226 1227 1225
1226 1228 1227
1228 1229 1227
1228 1230 1229
1230 1231 1229
1230 1232 1231
1232 1233 1231
1232 1234 1233
1234 1235 1233
1234 1236 1235
1236 1237 1235
1236 1238 1237
1238 1239 1237
1238 1240 1239
1240 1241 1239
1240 1242 1241
1242 1243 1241
1242 1244 1243
1244 1245 1243
1244 1246 1245
1246 1247 1245
1246 1248 1247
1248 1249 1247
1248 1250 1249
1250 1251 1249
1250 1252 1251
1252 1253 1251
1252 1254 1253
1254 1255 1253
1254 1256 1255
1256 1257 1255
1256 1258 1257
1258 1259 1257
1258 1260 1259
1260 1261 1259
1260 1262 1261
1262 1263 1261
1262 1264 1263
1264 1265 1263
1264 1266 1265
1266 1267 1265
1266 1268 1267
1268 1269 1267
1268 1270 1269
1270 1271 1269
1270 1272 1271
1272 1273 1271
1272 1274 1273
1274 1275 1273
1274 1276 1275
1276 1277 1275
1276 1278 1277
1278 1279 1277
1278 1280 1279
1280 1281 1279
1280 1282 1281
1282 1283 1281
1282 1284 1283
1284 1285 1283
1284 1286 1285
1286 1287 1285
1286 1288 1287
1288 1289 1287
1288 1290 1289
1290 1291 1289
1290 1292 1291
1292 1293 1291
1292 1294 1293
1294 1295 1293
1294 1296 1295
1296 1297 1295
1296 1298 1297
1298 1299 1297
1298 1300 1299
1300 1301 1299
1300 1302 1301
1302 1303 1301
1302 1304 1303
1304 1305 1303
1304 1306 1305
1306 1307 1305
1306 1308 1307
1308 1309 1307
1308 1310 1309
1310 1311 1309
1310 1312 1311
1312 1313 1311
1312 1314 1313
1314 1315 1313
1314 1316 1315
1316 1317 1315
1316 1318 1317
1318 1319 1317
1318 1320 1319
1320 1321 1319
1320 1322 1321
1322 1323 1321
1322 1324 1323
1324 1325 1323
1324 1326 1325
1326 1327 1325
1326 1328 1327
1328 1329 1327
1328 1330 1329
1330 1331 1329
1330 1332 1331
1332 1333 1331
1332 1334 1333
1334 1335 1333
1334 1336 1335
1336 1337 1335
1336 1338 1337
1338 1339 1337
1338 1340 1339
1340 1341 1339
1340 1342 1341
1342 1343 1341
1342 1344 1343
1344 1345 1343
1344 1346 1345
1346 1347 1345
1346 1348 1347
1348 1349 1347
1348 1350 1349
1350 1351 1349
1350 1352 1351
1352 1353 1351
1352 1354 1353
1354 1355 1353
1354 1356 1355
1356 1357 1355
1356 1358 1357
1358 1359 1357
1358 1360 1359
1360 1361 1359
1360 1362 1361
1362 1363 1361
1362 1364 1363
1364 1365 1363
1364 1366 1365
1366 1367 1365
1366 1368 1367
1368 1369 1367
1368 1370 1369
1370 1371 1369
1370 1372 1371
1372 1373 1371
1372 1084 1373
1084 1085 1373


// części
parts_count 5
0 0 0 0 0 0 0 0 0 0 0 0 0 0 0 0 0 0 0 0 0 0 0 0 0 0 0 0 0 0 0 0 0 0 0 0 0 0 0 0 0 0 0 0 0 0 0 0 0 0 0 0 0 0 0 0 0 0 0 0 0 0 0 0 0 0 0 0 0 0 0 0 0 0 0 0 0 0 0 0 0 0 0 0 0 0 0 0 0 0 0 0 0 0 0 0 0 0 0 0 0 0 0 0 0 0 0 0 0 0 0 0 0 0 0 0 0 0 0 0 0 0 0 0 0 0 0 0 0 0 0 0 0 0 0 0 0 0 0 0 0 0 0 0 0 0 0 0 0 0 0 0 0 0 0 0 0 0 0 0 0 0 0 0 0 0 0 0 0 0 0 0 0 0 0 0 0 0 0 0 0 0 0 0 0 0 0 0 0 0 0 0 0 0 0 0 0 0 0 0 0 0 0 0 0 0 0 0 0 0 0 0 0 0 0 0 0 0 0 0 0 0 0 0 0 0 0 0 0 0 0 0 0 0 0 0 0 0 0 0 0 0 0 0 0 0 0 0 0 0 0 0 0 0 0 0 0 0 0 0 0 0 0 0 0 0 0 0 0 0 0 0 0 0 0 0 0 0 0 0 0 0 0 0 0 0 0 0 0 0 0 0 0 0 0 0 0 0 0 0 0 0 0 0 0 0 0 0 0 0 0 0 0 0 0 0 0 0 0 0 0 0 0 0 0 0 0 0 0 0 0 0 0 0 0 0 0 0 0 0 0 0 0 0 0 0 0 0 0 0 0 0 0 0 0 0 0 0 0 0 0 0 0 0 0 0 0 0 0 0 0 0 0 0 0 0 0 0 0 0 0 0 0 0 0 0 0 0 0 0 0 0 0 0 0 0 0 0 0 0 0 0 0 0 0 0 0 0 0 0 0 0 0 0 0 0 0 0 0 0 0 0 0 0 0 0 0 0 0 0 0 0 0 0 0 0 0 0 0 0 0 0 0 0 0 0 0 0 0 0 0 0 0 0 0 0 0 0 0 0 0 0 0 0 0 0 0 0 0 0 0 0 0 0 0 0 0 0 0 0 0 0 0 0 0 0 0 0 0 0 0 0 0 0 0 0 0 0 0 0 0 0 0 0 0 0 0 0 0 0 0 0 0 0 0 0 0 0 0 0 0 0 0 0 0 0 0 0 0 0 0 0 0 0 0 0 0 0 0 0 0 0 0 0 0 0 0 0 0 0 0 0 0 0 0 0 0 0 0 0 0 0 0 0 0 0 0 0 0 0 0 0 0 0 0 0 0 0 0 0 0 0 0 0 0 0 0 0 0 0 0 0 0 0 0 0 0 0 0 0 0 0 0 0 0 0 0 0 0 0 0 0 0 0 0 0 0 0 0 0 0 0 0 0 0 0 0 0 0 0 0 0 0 0 0 0 0 0 0 0 0 0 0 0 0 0 0 0 0 0 0 0 0 0 0 0 0 0 0 0 0 0 0 0 0 0 0 0 0 0 0 0 0 0 0 0 0 0 0 0 0 0 0 0 0 0 0 0 0 0 0 0 0 0 0 0 0 0 0 0 0 0 0 0 0 0 0 0 0 0 0 0 0 0 0 0 0 0 0 0 0 0 0 0 0 0 0 0 0 0 0 0 0 0 0 0 0 0 0 0 0 0 0 0 0 0 0 0 0 0 0 0 0 0 0 0 0 0 0 0 0 0 0 0 0 0 0 0 0 0 0 0 0 0 0 0 0 0 0 0 0 0 0 0 0 0 0 0 0 0 0 0 0 0 0 0 0 0 0 0 0 0 0 0 0 0 0 0 0 0 0 0 0 0 0 0 0 0 0 0 0 0 0 0 0 0 0 0 0 0 0 0 0 0 0 0 0 0 0 0 0 0 0 0 0 0 0 0 0 0 0 0 0 0 0 0 0 0 0 0 0 0 0 0 0 0 0 0 0 0 0 0 0 0 0 0 0 0 0 0 0 0 0 0 0 0 0 0 0 0 0 0 0 0 0 0 0 0 0 0 0 0 0 0 0 0 0 0 0 0 0 0 0 0 0 0 0 0 0 0 0 0 0 0 0 0 0 0 0 0 0 0 0 0 0 0 0 0 0 0 0 0 0 0 0 0 0 0 0 0 0 0 0 0 0 0 0 0 0 0 0 0 0 0 0 0 0 0 0 0 0 0 0 0 0 0 0 0 0 0 0 0 0 0 0 0 0 0 0 0 0 0 0 0 0 0 0 0 0 0 0 0 0 0 0 0 0 0 0 0 0 0 0 0 0 0 0 0 0 0 0 0 0 0 0 0 0 0 0 0 0 0 0 0 0 0 0 0 0 0 0 0 0 0 0 0 0 0 0 0 0 0 0 0 0 0 0 0 0 0 0 0 0 0 0 0 0 0 0 0 0 0 0 0 0 0 0 0 0 0 0 0 0 0 0 0 0 0 0 0 0 0 0 0 0 0 0 0 0 0 0 0 0 0 0 0 0 0 0 0 0 0 0 0 0 0 0 0 0 0 0 0 0 0 0 0 0 0 0 0 0 0 0 0 0 0 0 0 0 0 0 0 0 0 0 0 0 0 0 0 0 0 0 0 0 0 0 0 0 0 0 0 0 0 0 0 0 0 0 0 0 0 0 0 0 0 0 0 0 0 0 0 0 0 0 0 0 0 0 0 0 0 0 0 0 0 0 0 0 0 1 1 1 1 1 1 1 1 1 1 1 1 1 1 1 1 1 1 1 1 1 1 1 1 1 1 1 1 1 1 1 1 1 1 1 1 1 1 1 1 1 1 1 1 1 1 1 1 1 1 1 1 1 1 1 1 1 1 1 1 1 1 1 1 1 1 1 1 1 1 1 1 1 1 1 1 1 1 1 1 1 1 1 1 1 1 1 1 1 1 1 1 1 1 1 1 1 1 1 1 1 1 1 1 1 1 1 1 1 1 1 1 1 1 1 1 1 1 1 1 1 1 1 1 1 1 1 1 1 1 1 1 1 1 1 1 1 1 1 1 1 1 1 1 1 1 1 1 1 1 1 1 1 1 1 1 1 1 1 1 1 1 1 1 1 1 1 1 1 1 1 1 1 1 1 1 1 1 1 1 1 1 1 1 1 1 1 1 1 1 1 1 1 1 1 1 1 1 1 1 1 1 1 1 1 1 1 1 1 1 1 1 1 1 1 1 1 1 1 1 1 1 1 1 1 1 1 1 1 1 1 1 1 1 1 1 1 1 1 1 1 1 1 1 1 1 1 1 1 1 1 1 1 1 1 1 1 1 1 1 1 1 1 1 1 1 1 1 1 1 1 1 1 1 1 1 1 1 1 1 1 1 1 1 1 1 1 1 1 1 1 1 1 1 1 1 1 1 1 1 1 1 1 1 1 1 1 1 1 1 1 1 1 1 1 1 1 1 1 1 1 1 1 1 1 1 1 1 1 1 1 1 1 1 1 1 1 1 1 1 1 1 1 1 1 1 1 1 1 1 1 1 1 1 1 1 1 1 1 1 2 2 2 2 2 2 2 2 2 2 2 2 3 3 3 3 3 3 3 3 3 3 3 3 3 3 3 3 3 3 3 3 3 3 3 3 3 3 3 3 3 3 3 3 3 3 3 3 3 3 3 3 3 3 3 3 3 3 3 3 3 3 3 3 3 3 3 3 3 3 3 3 3 3 3 3 3 3 3 3 3 3 3 3 3 3 3 3 3 3 3 3 3 3 3 3 3 3 3 3 3 3 3 3 3 3 3 3 3 3 3 3 3 3 3 3 3 3 3 3 3 3 3 3 3 3 3 3 3 3 3 3 3 3 3 3 3 3 3 3 3 3 3 3 3 3 3 3 3 3 3 3 3 3 3 3 3 3 3 3 3 3 3 3 3 3 3 3 3 3 3 3 3 3 3 3 3 3 3 3 3 3 3 3 3 3 3 3 3 3 3 3 3 3 3 3 3 3 3 3 3 3 3 3 3 3 3 3 3 3 3 3 3 3 3 3 3 3 3 3 3 3 3 3 3 3 3 3 3 3 3 3 3 3 3 3 3 3 3 3 3 3 3 3 3 3 3 3 3 3 3 3 3 3 3 3 3 3 3 3 3 3 3 3 3 3 3 3 3 3 3 3 3 3 3 3 3 3 3 3 3 3 3 3 3 3 3 3 3 3 3 3 3 3 3 3 3 3 3 3 3 3 3 3 3 3 3 3 3 3 3 3 3 3 3 3 3 3 3 3 3 3 3 3 3 3 3 3 3 3 3 3 3 3 3 3 3 3 3 3 3 3 3 3 3 3 3 3 3 3 3 3 3 3 3 3 3 3 3 3 3 3 3 3 3 3 3 3 3 3 3 3 3 3 3 3 3 3 3 3 3 3 3 3 3 3 3 3 3 3 3 3 3 3 3 3 3 3 3 3 3 3 3 3 3 3 3 3 3 3 3 3 3 3 3 3 3 3 3 3 3 3 3 3 3 3 3 3 3 3 3 3 3 3 3 3 3 3 3 3 3 3 3 3 3 3 3 3 3 3 3 3 3 3 3 3 3 3 3 3 3 3 3 3 3 3 3 3 3 3 3 3 3 3 3 3 3 3 3 3 3 3 3 3 3 3 3 3 3 3 3 3 3 3 3 3 3 3 3 3 3 3 3 3 3 3 3 3 3 3 3 3 3 3 3 3 3 3 3 3 3 3 3 3 3 3 3 3 3 3 3 3 3 3 3 3 3 3 3 3 3 3 3 3 3 3 3 3 3 3 3 3 3 3 3 3 3 3 3 3 3 3 3 3 3 3 3 3 3 3 3 3 3 3 3 3 3 3 3 3 3 3 3 3 3 3 3 3 3 3 3 3 4 4 4 4 4 4 4 4 4 4 4 4 4 4 4 4 4 4 4 4 4 4 4 4 4 4 4 4 4 4 4 4 4 4 4 4 4 4 4 4 4 4 4 4 4 4 4 4 4 4 4 4 4 4 4 4 4 4 4 4 4 4 4 4 4 4 4 4 4 4 4 4 4 4 4 4 4 4 4 4 4 4 4 4 4 4 4 4 4 4 4 4 4 4 4 4 4 4 4 4 4 4 4 4 4 4 4 4 4 4 4 4 4 4 4 4 4 4 4 4 4 4 4 4 4 4 4 4 4 4 4 4 4 4 4 4 4 4 4 4 4 4 4 4 4 4 4 4 4 4 4 4 4 4 4 4 4 4 4 4 4 4 4 4 4 4 4 4 4 4 4 4 4 4 4 4 4 4 4 4 4 4 4 4 4 4 4 4 4 4 4 4 4 4 4 4 4 4 4 4 4 4 4 4 4 4 4 4 4 4 4 4 4 4 4 4 4 4 4 4 4 4 4 4 4 4 4 4 4 4 4 4 4 4 4 4 4 4 4 4 4 4 4 4 4 4 4 4 4 4 4 4 4 4 4 4 4 4 4 4 4 4 4 4 4 4 4 4 4 4 4 4 4 4 4 4 4 4 4 4 4 4 4 4 4 4 4 4 4 4 4 4 4 4 4 4 4 4 4 4 4 4 4 4 4 4 4 4 4 4 4 4 4 4 4 4 4 4 4 4 4 4 4 4 4 4 4 4 4 4 4 4 4 4 4 4 4 4 4 4 4 4 4 4 4 4 4 4 4 4 4 4 4 4 4 4 4 4 4 4 4 4 4 4 4 4 4 4 4 4 4 4 4 4 4 4 4 4 4 4 4 4 4 4 4 4 4 4 4 4 4 4 4 4 4 4 4 4 4 4 4 4 4 4 4 4 4 4 4 4 4 4 4 4 4 4 4 4 4 4 4 4 4 4 4 4 4 4 4 4 4 4 4 4 4 4 4 4 4 4 4 4 4 4 4 4 4 4 4 4 4 4 4 4 4 4 4 4 4 4 4 4 4 4 4 4 4 4 4 4 4 4 4 4 4 4 4 4 4 4 4 4 4 4 4 4 4 4 4 4 4 4 4 4 4 4 4 4 4 4 4 4 4 4 4 4 4 4 4 4 4 4 4 4 4 4 4 4 4 4 4 4 4 4 4 4 4 4 4 4 4 4 4 4 4 4 4 4 4 4 4 4 4 4 4 4 4 4 4 4 4 4 4 4 4 4 4 4 4 4 4 4 4 4 4 4 4 4 4 4 4 4 4 4 4 4 4 4 4 4 


// materiały
materials_count 1

mat_name default
rgb 0.6 0.95 0.5
kdCr 1
kdCg 1
kdCb 1
ksCr 1
ksCg 1
ksCb 1
krCr 1
krCg 1
krCb 1
kaCr 1
kaCg 1
kaCb 1
g 1
n 1


// przypisanie materiałów
0 default
1 default
2 default
3 default
4 default


// światła
lights_count 1

light_name Default_light
enabled 1
light_type point
rgb 1 1 1
power 8
pos 1 1 1
dir 0 0 0
inner_angle -1
outer_angle -1
gonio_count 2
0 1
180 1


// kamery
cams_count 1
active 0

cam_name Cam1
resolution 800 600
pos 5 2 5
lookAt 4.311753 1.770584 4.311753
fov 60
rotation 0


// hierarchia
node_count 3

hier_type Node
hier_name Node
	node_count 2
	
	hier_type Mesh
	hier_name Modeler.Data.Shapes.Cone
triangle_count 360
	1200 1201 1202 1203 1204 1205 1206 1207 1208 1209 1210 1211 1212 1213 1214 1215 1216 1217 1218 1219 1220 1221 1222 1223 1224 1225 1226 1227 1228 1229 1230 1231 1232 1233 1234 1235 1236 1237 1238 1239 1240 1241 1242 1243 1244 1245 1246 1247 1248 1249 1250 1251 1252 1253 1254 1255 1256 1257 1258 1259 1260 1261 1262 1263 1264 1265 1266 1267 1268 1269 1270 1271 1272 1273 1274 1275 1276 1277 1278 1279 1280 1281 1282 1283 1284 1285 1286 1287 1288 1289 1290 1291 1292 1293 1294 1295 1296 1297 1298 1299 1300 1301 1302 1303 1304 1305 1306 1307 1308 1309 1310 1311 1312 1313 1314 1315 1316 1317 1318 1319 1320 1321 1322 1323 1324 1325 1326 1327 1328 1329 1330 1331 1332 1333 1334 1335 1336 1337 1338 1339 1340 1341 1342 1343 1344 1345 1346 1347 1348 1349 1350 1351 1352 1353 1354 1355 1356 1357 1358 1359 1360 1361 1362 1363 1364 1365 1366 1367 1368 1369 1370 1371 1372 1373 1374 1375 1376 1377 1378 1379 1380 1381 1382 1383 1384 1385 1386 1387 1388 1389 1390 1391 1392 1393 1394 1395 1396 1397 1398 1399 1400 1401 1402 1403 1404 1405 1406 1407 1408 1409 1410 1411 1412 1413 1414 1415 1416 1417 1418 1419 1420 1421 1422 1423 1424 1425 1426 1427 1428 1429 1430 1431 1432 1433 1434 1435 1436 1437 1438 1439 1440 1441 1442 1443 1444 1445 1446 1447 1448 1449 1450 1451 1452 1453 1454 1455 1456 1457 1458 1459 1460 1461 1462 1463 1464 1465 1466 1467 1468 1469 1470 1471 1472 1473 1474 1475 1476 1477 1478 1479 1480 1481 1482 1483 1484 1485 1486 1487 1488 1489 1490 1491 1492 1493 1494 1495 1496 1497 1498 1499 1500 1501 1502 1503 1504 1505 1506 1507 1508 1509 1510 1511 1512 1513 1514 1515 1516 1517 1518 1519 1520 1521 1522 1523 1524 1525 1526 1527 1528 1529 1530 1531 1532 1533 1534 1535 1536 1537 1538 1539 1540 1541 1542 1543 1544 1545 1546 1547 1548 1549 1550 1551 1552 1553 1554 1555 1556 1557 1558 1559 
	
	hier_type Mesh
	hier_name Modeler.Data.Shapes.Sphere
triangle_count 1200
	0 1 2 3 4 5 6 7 8 9 10 11 12 13 14 15 16 17 18 19 20 21 22 23 24 25 26 27 28 29 30 31 32 33 34 35 36 37 38 39 40 41 42 43 44 45 46 47 48 49 50 51 52 53 54 55 56 57 58 59 60 61 62 63 64 65 66 67 68 69 70 71 72 73 74 75 76 77 78 79 80 81 82 83 84 85 86 87 88 89 90 91 92 93 94 95 96 97 98 99 100 101 102 103 104 105 106 107 108 109 110 111 112 113 114 115 116 117 118 119 120 121 122 123 124 125 126 127 128 129 130 131 132 133 134 135 136 137 138 139 140 141 142 143 144 145 146 147 148 149 150 151 152 153 154 155 156 157 158 159 160 161 162 163 164 165 166 167 168 169 170 171 172 173 174 175 176 177 178 179 180 181 182 183 184 185 186 187 188 189 190 191 192 193 194 195 196 197 198 199 200 201 202 203 204 205 206 207 208 209 210 211 212 213 214 215 216 217 218 219 220 221 222 223 224 225 226 227 228 229 230 231 232 233 234 235 236 237 238 239 240 241 242 243 244 245 246 247 248 249 250 251 252 253 254 255 256 257 258 259 260 261 262 263 264 265 266 267 268 269 270 271 272 273 274 275 276 277 278 279 280 281 282 283 284 285 286 287 288 289 290 291 292 293 294 295 296 297 298 299 300 301 302 303 304 305 306 307 308 309 310 311 312 313 314 315 316 317 318 319 320 321 322 323 324 325 326 327 328 329 330 331 332 333 334 335 336 337 338 339 340 341 342 343 344 345 346 347 348 349 350 351 352 353 354 355 356 357 358 359 360 361 362 363 364 365 366 367 368 369 370 371 372 373 374 375 376 377 378 379 380 381 382 383 384 385 386 387 388 389 390 391 392 393 394 395 396 397 398 399 400 401 402 403 404 405 406 407 408 409 410 411 412 413 414 415 416 417 418 419 420 421 422 423 424 425 426 427 428 429 430 431 432 433 434 435 436 437 438 439 440 441 442 443 444 445 446 447 448 449 450 451 452 453 454 455 456 457 458 459 460 461 462 463 464 465 466 467 468 469 470 471 472 473 474 475 476 477 478 479 480 481 482 483 484 485 486 487 488 489 490 491 492 493 494 495 496 497 498 499 500 501 502 503 504 505 506 507 508 509 510 511 512 513 514 515 516 517 518 519 520 521 522 523 524 525 526 527 528 529 530 531 532 533 534 535 536 537 538 539 540 541 542 543 544 545 546 547 548 549 550 551 552 553 554 555 556 557 558 559 560 561 562 563 564 565 566 567 568 569 570 571 572 573 574 575 576 577 578 579 580 581 582 583 584 585 586 587 588 589 590 591 592 593 594 595 596 597 598 599 600 601 602 603 604 605 606 607 608 609 610 611 612 613 614 615 616 617 618 619 620 621 622 623 624 625 626 627 628 629 630 631 632 633 634 635 636 637 638 639 640 641 642 643 644 645 646 647 648 649 650 651 652 653 654 655 656 657 658 659 660 661 662 663 664 665 666 667 668 669 670 671 672 673 674 675 676 677 678 679 680 681 682 683 684 685 686 687 688 689 690 691 692 693 694 695 696 697 698 699 700 701 702 703 704 705 706 707 708 709 710 711 712 713 714 715 716 717 718 719 720 721 722 723 724 725 726 727 728 729 730 731 732 733 734 735 736 737 738 739 740 741 742 743 744 745 746 747 748 749 750 751 752 753 754 755 756 757 758 759 760 761 762 763 764 765 766 767 768 769 770 771 772 773 774 775 776 777 778 779 780 781 782 783 784 785 786 787 788 789 790 791 792 793 794 795 796 797 798 799 800 801 802 803 804 805 806 807 808 809 810 811 812 813 814 815 816 817 818 819 820 821 822 823 824 825 826 827 828 829 830 831 832 833 834 835 836 837 838 839 840 841 842 843 844 845 846 847 848 849 850 851 852 853 854 855 856 857 858 859 860 861 862 863 864 865 866 867 868 869 870 871 872 873 874 875 876 877 878 879 880 881 882 883 884 885 886 887 888 889 890 891 892 893 894 895 896 897 898 899 900 901 902 903 904 905 906 907 908 909 910 911 912 913 914 915 916 917 918 919 920 921 922 923 924 925 926 927 928 929 930 931 932 933 934 935 936 937 938 939 940 941 942 943 944 945 946 947 948 949 950 951 952 953 954 955 956 957 958 959 960 961 962 963 964 965 966 967 968 969 970 971 972 973 974 975 976 977 978 979 980 981 982 983 984 985 986 987 988 989 990 991 992 993 994 995 996 997 998 999 1000 1001 1002 1003 1004 1005 1006 1007 1008 1009 1010 1011 1012 1013 1014 1015 1016 1017 1018 1019 1020 1021 1022 1023 1024 1025 1026 1027 1028 1029 1030 1031 1032 1033 1034 1035 1036 1037 1038 1039 1040 1041 1042 1043 1044 1045 1046 1047 1048 1049 1050 1051 1052 1053 1054 1055 1056 1057 1058 1059 1060 1061 1062 1063 1064 1065 1066 1067 1068 1069 1070 1071 1072 1073 1074 1075 1076 1077 1078 1079 1080 1081 1082 1083 1084 1085 1086 1087 1088 1089 1090 1091 1092 1093 1094 1095 1096 1097 1098 1099 1100 1101 1102 1103 1104 1105 1106 1107 1108 1109 1110 1111 1112 1113 1114 1115 1116 1117 1118 1119 1120 1121 1122 1123 1124 1125 1126 1127 1128 1129 1130 1131 1132 1133 1134 1135 1136 1137 1138 1139 1140 1141 1142 1143 1144 1145 1146 1147 1148 1149 1150 1151 1152 1153 1154 1155 1156 1157 1158 1159 1160 1161 1162 1163 1164 1165 1166 1167 1168 1169 1170 1171 1172 1173 1174 1175 1176 1177 1178 1179 1180 1181 1182 1183 1184 1185 1186 1187 1188 1189 1190 1191 1192 1193 1194 1195 1196 1197 1198 1199 

hier_type Mesh
hier_name Modeler.Data.Shapes.Cylinder
triangle_count 580
1572 1573 1574 1575 1576 1577 1578 1579 1580 1581 1582 1583 1584 1585 1586 1587 1588 1589 1590 1591 1592 1593 1594 1595 1596 1597 1598 1599 1600 1601 1602 1603 1604 1605 1606 1607 1608 1609 1610 1611 1612 1613 1614 1615 1616 1617 1618 1619 1620 1621 1622 1623 1624 1625 1626 1627 1628 1629 1630 1631 1632 1633 1634 1635 1636 1637 1638 1639 1640 1641 1642 1643 1644 1645 1646 1647 1648 1649 1650 1651 1652 1653 1654 1655 1656 1657 1658 1659 1660 1661 1662 1663 1664 1665 1666 1667 1668 1669 1670 1671 1672 1673 1674 1675 1676 1677 1678 1679 1680 1681 1682 1683 1684 1685 1686 1687 1688 1689 1690 1691 1692 1693 1694 1695 1696 1697 1698 1699 1700 1701 1702 1703 1704 1705 1706 1707 1708 1709 1710 1711 1712 1713 1714 1715 1716 1717 1718 1719 1720 1721 1722 1723 1724 1725 1726 1727 1728 1729 1730 1731 1732 1733 1734 1735 1736 1737 1738 1739 1740 1741 1742 1743 1744 1745 1746 1747 1748 1749 1750 1751 1752 1753 1754 1755 1756 1757 1758 1759 1760 1761 1762 1763 1764 1765 1766 1767 1768 1769 1770 1771 1772 1773 1774 1775 1776 1777 1778 1779 1780 1781 1782 1783 1784 1785 1786 1787 1788 1789 1790 1791 1792 1793 1794 1795 1796 1797 1798 1799 1800 1801 1802 1803 1804 1805 1806 1807 1808 1809 1810 1811 1812 1813 1814 1815 1816 1817 1818 1819 1820 1821 1822 1823 1824 1825 1826 1827 1828 1829 1830 1831 1832 1833 1834 1835 1836 1837 1838 1839 1840 1841 1842 1843 1844 1845 1846 1847 1848 1849 1850 1851 1852 1853 1854 1855 1856 1857 1858 1859 1860 1861 1862 1863 1864 1865 1866 1867 1868 1869 1870 1871 1872 1873 1874 1875 1876 1877 1878 1879 1880 1881 1882 1883 1884 1885 1886 1887 1888 1889 1890 1891 1892 1893 1894 1895 1896 1897 1898 1899 1900 1901 1902 1903 1904 1905 1906 1907 1908 1909 1910 1911 1912 1913 1914 1915 1916 1917 1918 1919 1920 1921 1922 1923 1924 1925 1926 1927 1928 1929 1930 1931 1932 1933 1934 1935 1936 1937 1938 1939 1940 1941 1942 1943 1944 1945 1946 1947 1948 1949 1950 1951 1952 1953 1954 1955 1956 1957 1958 1959 1960 1961 1962 1963 1964 1965 1966 1967 1968 1969 1970 1971 1972 1973 1974 1975 1976 1977 1978 1979 1980 1981 1982 1983 1984 1985 1986 1987 1988 1989 1990 1991 1992 1993 1994 1995 1996 1997 1998 1999 2000 2001 2002 2003 2004 2005 2006 2007 2008 2009 2010 2011 2012 2013 2014 2015 2016 2017 2018 2019 2020 2021 2022 2023 2024 2025 2026 2027 2028 2029 2030 2031 2032 2033 2034 2035 2036 2037 2038 2039 2040 2041 2042 2043 2044 2045 2046 2047 2048 2049 2050 2051 2052 2053 2054 2055 2056 2057 2058 2059 2060 2061 2062 2063 2064 2065 2066 2067 2068 2069 2070 2071 2072 2073 2074 2075 2076 2077 2078 2079 2080 2081 2082 2083 2084 2085 2086 2087 2088 2089 2090 2091 2092 2093 2094 2095 2096 2097 2098 2099 2100 2101 2102 2103 2104 2105 2106 2107 2108 2109 2110 2111 2112 2113 2114 2115 2116 2117 2118 2119 2120 2121 2122 2123 2124 2125 2126 2127 2128 2129 2130 2131 2132 2133 2134 2135 2136 2137 2138 2139 2140 2141 2142 2143 2144 2145 2146 2147 2148 2149 2150 2151 

hier_type Node
hier_name Node
	node_count 2
	
	hier_type Mesh
	hier_name Modeler.Data.Shapes.Cylinder
triangle_count 580
	2152 2153 2154 2155 2156 2157 2158 2159 2160 2161 2162 2163 2164 2165 2166 2167 2168 2169 2170 2171 2172 2173 2174 2175 2176 2177 2178 2179 2180 2181 2182 2183 2184 2185 2186 2187 2188 2189 2190 2191 2192 2193 2194 2195 2196 2197 2198 2199 2200 2201 2202 2203 2204 2205 2206 2207 2208 2209 2210 2211 2212 2213 2214 2215 2216 2217 2218 2219 2220 2221 2222 2223 2224 2225 2226 2227 2228 2229 2230 2231 2232 2233 2234 2235 2236 2237 2238 2239 2240 2241 2242 2243 2244 2245 2246 2247 2248 2249 2250 2251 2252 2253 2254 2255 2256 2257 2258 2259 2260 2261 2262 2263 2264 2265 2266 2267 2268 2269 2270 2271 2272 2273 2274 2275 2276 2277 2278 2279 2280 2281 2282 2283 2284 2285 2286 2287 2288 2289 2290 2291 2292 2293 2294 2295 2296 2297 2298 2299 2300 2301 2302 2303 2304 2305 2306 2307 2308 2309 2310 2311 2312 2313 2314 2315 2316 2317 2318 2319 2320 2321 2322 2323 2324 2325 2326 2327 2328 2329 2330 2331 2332 2333 2334 2335 2336 2337 2338 2339 2340 2341 2342 2343 2344 2345 2346 2347 2348 2349 2350 2351 2352 2353 2354 2355 2356 2357 2358 2359 2360 2361 2362 2363 2364 2365 2366 2367 2368 2369 2370 2371 2372 2373 2374 2375 2376 2377 2378 2379 2380 2381 2382 2383 2384 2385 2386 2387 2388 2389 2390 2391 2392 2393 2394 2395 2396 2397 2398 2399 2400 2401 2402 2403 2404 2405 2406 2407 2408 2409 2410 2411 2412 2413 2414 2415 2416 2417 2418 2419 2420 2421 2422 2423 2424 2425 2426 2427 2428 2429 2430 2431 2432 2433 2434 2435 2436 2437 2438 2439 2440 2441 2442 2443 2444 2445 2446 2447 2448 2449 2450 2451 2452 2453 2454 2455 2456 2457 2458 2459 2460 2461 2462 2463 2464 2465 2466 2467 2468 2469 2470 2471 2472 2473 2474 2475 2476 2477 2478 2479 2480 2481 2482 2483 2484 2485 2486 2487 2488 2489 2490 2491 2492 2493 2494 2495 2496 2497 2498 2499 2500 2501 2502 2503 2504 2505 2506 2507 2508 2509 2510 2511 2512 2513 2514 2515 2516 2517 2518 2519 2520 2521 2522 2523 2524 2525 2526 2527 2528 2529 2530 2531 2532 2533 2534 2535 2536 2537 2538 2539 2540 2541 2542 2543 2544 2545 2546 2547 2548 2549 2550 2551 2552 2553 2554 2555 2556 2557 2558 2559 2560 2561 2562 2563 2564 2565 2566 2567 2568 2569 2570 2571 2572 2573 2574 2575 2576 2577 2578 2579 2580 2581 2582 2583 2584 2585 2586 2587 2588 2589 2590 2591 2592 2593 2594 2595 2596 2597 2598 2599 2600 2601 2602 2603 2604 2605 2606 2607 2608 2609 2610 2611 2612 2613 2614 2615 2616 2617 2618 2619 2620 2621 2622 2623 2624 2625 2626 2627 2628 2629 2630 2631 2632 2633 2634 2635 2636 2637 2638 2639 2640 2641 2642 2643 2644 2645 2646 2647 2648 2649 2650 2651 2652 2653 2654 2655 2656 2657 2658 2659 2660 2661 2662 2663 2664 2665 2666 2667 2668 2669 2670 2671 2672 2673 2674 2675 2676 2677 2678 2679 2680 2681 2682 2683 2684 2685 2686 2687 2688 2689 2690 2691 2692 2693 2694 2695 2696 2697 2698 2699 2700 2701 2702 2703 2704 2705 2706 2707 2708 2709 2710 2711 2712 2713 2714 2715 2716 2717 2718 2719 2720 2721 2722 2723 2724 2725 2726 2727 2728 2729 2730 2731 
	
	hier_type Mesh
	hier_name Modeler.Data.Shapes.Sphere
triangle_count 12
	1560 1561 1562 1563 1564 1565 1566 1567 1568 1569 1570 1571 
