
// punkty
points_count 1204
-0.8673826 -0.9921147 0.6260424
-0.8634451 -0.9921147 0.6572115
-0.8518798 -0.9921147 0.6864221
-0.8334135 -0.9921147 0.7118388
-0.8092064 -0.9921147 0.7318648
-0.7807795 -0.9921147 0.7452414
-0.7499192 -0.9921147 0.7511283
-0.7185644 -0.9921147 0.7491556
-0.6886852 -0.9921147 0.7394473
-0.6621591 -0.9921147 0.7226133
-0.6406528 -0.9921147 0.6997114
-0.6255176 -0.9921147 0.6721807
-0.6177046 -0.9921147 0.6417508
-0.6177045 -0.9921147 0.610334
-0.6255176 -0.9921147 0.5799042
-0.6406528 -0.9921147 0.5523734
-0.662159 -0.9921147 0.5294716
-0.6886852 -0.9921147 0.5126376
-0.7185644 -0.9921147 0.5029292
-0.7499192 -0.9921147 0.5009565
-0.7807795 -0.9921147 0.5068434
-0.8092063 -0.9921147 0.5202201
-0.8334134 -0.9921147 0.540246
-0.8518798 -0.9921147 0.5656627
-0.863445 -0.9921147 0.5948733
-0.9907391 -0.9685832 0.6260424
-0.9829261 -0.9685832 0.687889
-0.9599779 -0.9685832 0.7458495
-0.9233365 -0.9685832 0.7962822
-0.8753041 -0.9685832 0.836018
-0.8188988 -0.9685832 0.8625603
-0.7576648 -0.9685832 0.8742414
-0.6954498 -0.9685832 0.8703271
-0.6361626 -0.9685832 0.8510636
-0.5835288 -0.9685832 0.8176612
-0.5408553 -0.9685832 0.7722186
-0.5108237 -0.9685832 0.7175912
-0.4953208 -0.9685832 0.6572115
-0.4953208 -0.9685832 0.5948734
-0.5108236 -0.9685832 0.5344937
-0.5408553 -0.9685832 0.4798663
-0.5835286 -0.9685832 0.4344238
-0.6361625 -0.9685832 0.4010213
-0.6954497 -0.9685832 0.3817577
-0.7576648 -0.9685832 0.3778435
-0.8188988 -0.9685832 0.3895245
-0.875304 -0.9685832 0.4160668
-0.9233364 -0.9685832 0.4558026
-0.9599779 -0.9685832 0.5062353
-0.9829261 -0.9685832 0.5641958
-1.110174 -0.9297765 0.6260424
-1.098608 -0.9297765 0.7175912
-1.064639 -0.9297765 0.8033876
-1.010401 -0.9297765 0.8780408
-0.9393004 -0.9297765 0.9368601
-0.8558062 -0.9297765 0.9761495
-0.7651642 -0.9297765 0.9934404
-0.67307 -0.9297765 0.9876463
-0.5853098 -0.9297765 0.9591314
-0.5073982 -0.9297765 0.9096872
-0.4442306 -0.9297765 0.8424206
-0.399776 -0.9297765 0.7615581
-0.3768278 -0.9297765 0.6721806
-0.3768278 -0.9297765 0.5799043
-0.399776 -0.9297765 0.4905269
-0.4442306 -0.9297765 0.4096643
-0.5073981 -0.9297765 0.3423977
-0.5853097 -0.9297765 0.2929535
-0.6730698 -0.9297765 0.2644385
-0.7651641 -0.9297765 0.2586444
-0.8558062 -0.9297765 0.2759353
-0.9393003 -0.9297765 0.3152247
-1.010401 -0.9297765 0.3740439
-1.064639 -0.9297765 0.4486972
-1.098608 -0.9297765 0.5344936
-1.223803 -0.8763067 0.6260424
-1.208668 -0.8763067 0.7458496
-1.164213 -0.8763067 0.8581288
-1.093233 -0.8763067 0.9558253
-1.000186 -0.8763067 1.0328
-0.8909196 -0.8763067 1.084217
-0.7722991 -0.8763067 1.106845
-0.651778 -0.8763067 1.099263
-0.5369289 -0.8763067 1.061946
-0.4349683 -0.8763067 0.99724
-0.3523027 -0.8763067 0.9092102
-0.2941263 -0.8763067 0.8033878
-0.2640947 -0.8763067 0.6864221
-0.2640947 -0.8763067 0.5656628
-0.2941263 -0.8763067 0.4486972
-0.3523027 -0.8763067 0.3428747
-0.4349681 -0.8763067 0.254845
-0.5369287 -0.8763067 0.1901388
-0.6517779 -0.8763067 0.152822
-0.7722989 -0.8763067 0.1452395
-0.8909196 -0.8763067 0.1678676
-1.000186 -0.8763067 0.2192844
-1.093233 -0.8763067 0.2962594
-1.164213 -0.8763067 0.3939559
-1.208668 -0.8763067 0.5062351
-1.329835 -0.8090171 0.6260423
-1.311368 -0.8090171 0.7722186
-1.25713 -0.8090171 0.9092098
-1.170527 -0.8090171 1.028409
-1.057001 -0.8090171 1.122326
-0.9236851 -0.8090171 1.185059
-0.7789568 -0.8090171 1.212668
-0.6319097 -0.8090171 1.203416
-0.4917828 -0.8090171 1.157887
-0.3673812 -0.8090171 1.078939
-0.2665214 -0.8090171 0.971534
-0.1955406 -0.8090171 0.8424206
-0.1588991 -0.8090171 0.6997114
-0.1588991 -0.8090171 0.5523736
-0.1955405 -0.8090171 0.4096644
-0.2665213 -0.8090171 0.2805509
-0.367381 -0.8090171 0.1731462
-0.4917826 -0.8090171 0.09419852
-0.6319095 -0.8090171 0.0486685
-0.7789567 -0.8090171 0.03941709
-0.9236851 -0.8090171 0.06702548
-1.057 -0.8090171 0.1297589
-1.170526 -0.8090171 0.2236757
-1.25713 -0.8090171 0.3428748
-1.311368 -0.8090171 0.4798661
-1.426597 -0.7289686 0.6260423
-1.40509 -0.7289686 0.7962823
-1.341923 -0.7289686 0.9558252
-1.241063 -0.7289686 1.094647
-1.108848 -0.7289686 1.204025
-0.9535862 -0.7289686 1.277085
-0.7850326 -0.7289686 1.309239
-0.6137784 -0.7289686 1.298464
-0.4505837 -0.7289686 1.245439
-0.3057028 -0.7289686 1.153495
-0.1882393 -0.7289686 1.028409
-0.1055737 -0.7289686 0.878041
-0.06290019 -0.7289686 0.7118388
-0.06290019 -0.7289686 0.5402461
-0.1055736 -0.7289686 0.3740439
-0.1882393 -0.7289686 0.2236756
-0.3057026 -0.7289686 0.0985899
-0.4505834 -0.7289686 0.006645739
-0.6137782 -0.7289686 -0.04637945
-0.7850325 -0.7289686 -0.05715388
-0.9535862 -0.7289686 -0.02500051
-1.108848 -0.7289686 0.04806012
-1.241063 -0.7289686 0.1574377
-1.341923 -0.7289686 0.2962594
-1.40509 -0.7289686 0.4558024
-1.512563 -0.6374242 0.6260423
-1.488356 -0.6374242 0.8176612
-1.417255 -0.6374242 0.9972396
-1.30373 -0.6374242 1.153495
-1.154911 -0.6374242 1.276608
-0.9801512 -0.6374242 1.358844
-0.7904304 -0.6374242 1.395035
-0.59767 -0.6374242 1.382908
-0.4139811 -0.6374242 1.323224
-0.2509061 -0.6374242 1.219733
-0.1186914 -0.6374242 1.078939
-0.02564448 -0.6374242 0.9096872
0.02238792 -0.6374242 0.7226133
0.02238798 -0.6374242 0.5294718
-0.02564442 -0.6374242 0.3423977
-0.1186913 -0.6374242 0.1731461
-0.2509058 -0.6374242 0.03235197
-0.4139809 -0.6374242 -0.07113862
-0.5976698 -0.6374242 -0.1308228
-0.7904302 -0.6374242 -0.1429502
-0.9801512 -0.6374242 -0.1067591
-1.154911 -0.6374242 -0.02452338
-1.303729 -0.6374242 0.09858984
-1.417255 -0.6374242 0.254845
-1.488355 -0.6374242 0.4344235
-1.586377 -0.5358269 0.6260423
-1.559851 -0.5358269 0.8360181
-1.48194 -0.5358269 1.0328
-1.357538 -0.5358269 1.204024
-1.194463 -0.5358269 1.338932
-1.002961 -0.5358269 1.429046
-0.7950653 -0.5358269 1.468704
-0.5838385 -0.5358269 1.455415
-0.3825524 -0.5358269 1.390013
-0.2038547 -0.5358269 1.276608
-0.05897403 -0.5358269 1.122326
0.04298669 -0.5358269 0.9368602
0.09562063 -0.5358269 0.7318647
0.09562063 -0.5358269 0.5202203
0.04298675 -0.5358269 0.3152247
-0.05897397 -0.5358269 0.1297589
-0.2038545 -0.5358269 -0.02452326
-0.3825521 -0.5358269 -0.1379282
-0.5838383 -0.5358269 -0.20333
-0.7950651 -0.5358269 -0.2166193
-1.002961 -0.5358269 -0.1769611
-1.194463 -0.5358269 -0.08684725
-1.357538 -0.5358269 0.04806018
-1.48194 -0.5358269 0.2192844
-1.559851 -0.5358269 0.4160665
-1.646876 -0.4257794 0.6260422
-1.61845 -0.4257794 0.8510637
-1.534956 -0.4257794 1.061946
-1.40164 -0.4257794 1.245439
-1.22688 -0.4257794 1.390013
-1.021657 -0.4257794 1.486584
-0.7988641 -0.4257794 1.529084
-0.5725021 -0.4257794 1.514843
-0.3567931 -0.4257794 1.444754
-0.1652911 -0.4257794 1.323224
-0.0100292 -0.4257794 1.157887
0.09923744 -0.4257794 0.9591315
0.1556427 -0.4257794 0.7394472
0.1556427 -0.4257794 0.5126378
0.0992375 -0.4257794 0.2929535
-0.01002914 -0.4257794 0.09419835
-0.1652909 -0.4257794 -0.07113862
-0.3567928 -0.4257794 -0.1926695
-0.5725019 -0.4257794 -0.2627576
-0.7988639 -0.4257794 -0.2769991
-1.021657 -0.4257794 -0.2344992
-1.22688 -0.4257794 -0.1379284
-1.40164 -0.4257794 0.006645679
-1.534956 -0.4257794 0.1901388
-1.61845 -0.4257794 0.401021
-1.693106 -0.3090172 0.6260422
-1.663227 -0.3090172 0.8625605
-1.575467 -0.3090172 1.084217
-1.43534 -0.3090172 1.277085
-1.251651 -0.3090172 1.429046
-1.035942 -0.3090172 1.530551
-0.8017668 -0.3090172 1.575222
-0.5638396 -0.3090172 1.560253
-0.3371096 -0.3090172 1.486584
-0.1358234 -0.3090172 1.358844
0.02737117 -0.3090172 1.18506
0.1422205 -0.3090172 0.9761497
0.2015076 -0.3090172 0.7452413
0.2015077 -0.3090172 0.5068437
0.1422206 -0.3090172 0.2759354
0.02737129 -0.3090172 0.0670253
-0.1358231 -0.3090172 -0.1067591
-0.3371092 -0.3090172 -0.2344992
-0.5638394 -0.3090172 -0.3081682
-0.8017666 -0.3090172 -0.3231373
-1.035942 -0.3090172 -0.278466
-1.251651 -0.3090172 -0.1769612
-1.43534 -0.3090172 -0.02500057
-1.575467 -0.3090172 0.1678676
-1.663227 -0.3090172 0.3895242
-1.724337 -0.1873813 0.6260422
-1.693476 -0.1873813 0.8703272
-1.602834 -0.1873813 1.099262
-1.458106 -0.1873813 1.298464
-1.268385 -0.1873813 1.455415
-1.045593 -0.1873813 1.560253
-0.8037278 -0.1873813 1.606391
-0.5579876 -0.1873813 1.590931
-0.3238122 -0.1873813 1.514843
-0.1159161 -0.1873813 1.382908
0.0526374 -0.1873813 1.203417
0.1712582 -0.1873813 0.9876465
0.2324922 -0.1873813 0.7491556
0.2324922 -0.1873813 0.5029294
0.1712582 -0.1873813 0.2644385
0.05263752 -0.1873813 0.04866832
-0.1159158 -0.1873813 -0.1308228
-0.3238118 -0.1873813 -0.2627576
-0.5579873 -0.1873813 -0.3388458
-0.8037276 -0.1873813 -0.3543065
-1.045593 -0.1873813 -0.3081682
-1.268385 -0.1873813 -0.2033302
-1.458106 -0.1873813 -0.04637951
-1.602834 -0.1873813 0.152822
-1.693476 -0.1873813 0.3817574
-1.740076 -0.06279047 0.6260422
-1.708721 -0.06279047 0.8742415
-1.616627 -0.06279047 1.106845
-1.46958 -0.06279047 1.309238
-1.276819 -0.06279047 1.468704
-1.050457 -0.06279047 1.575222
-0.8047161 -0.06279047 1.6221
-0.5550383 -0.06279047 1.606391
-0.3171106 -0.06279047 1.529084
-0.1058834 -0.06279047 1.395035
0.06537092 -0.06279047 1.212668
0.1858923 -0.06279047 0.9934406
0.2481076 -0.06279047 0.7511283
0.2481076 -0.06279047 0.5009568
0.1858924 -0.06279047 0.2586444
0.06537104 -0.06279047 0.03941691
-0.1058831 -0.06279047 -0.1429502
-0.3171102 -0.06279047 -0.2769991
-0.555038 -0.06279047 -0.3543065
-0.8047159 -0.06279047 -0.370015
-1.050457 -0.06279047 -0.3231374
-1.276819 -0.06279047 -0.2166195
-1.46958 -0.06279047 -0.05715394
-1.616627 -0.06279047 0.1452395
-1.708721 -0.06279047 0.3778431
-1.740076 0.06279038 0.6260422
-1.708721 0.06279038 0.8742415
-1.616627 0.06279038 1.106845
-1.46958 0.06279038 1.309238
-1.276819 0.06279038 1.468704
-1.050457 0.06279038 1.575222
-0.8047161 0.06279038 1.6221
-0.5550383 0.06279038 1.606391
-0.3171106 0.06279038 1.529084
-0.1058834 0.06279038 1.395035
0.06537092 0.06279038 1.212668
0.1858923 0.06279038 0.9934406
0.2481076 0.06279038 0.7511283
0.2481076 0.06279038 0.5009568
0.1858924 0.06279038 0.2586444
0.06537104 0.06279038 0.03941691
-0.1058831 0.06279038 -0.1429502
-0.3171102 0.06279038 -0.2769991
-0.555038 0.06279038 -0.3543065
-0.8047159 0.06279038 -0.370015
-1.050457 0.06279038 -0.3231374
-1.276819 0.06279038 -0.2166195
-1.46958 0.06279038 -0.05715394
-1.616627 0.06279038 0.1452395
-1.708721 0.06279038 0.3778431
-1.724337 0.1873812 0.6260422
-1.693476 0.1873812 0.8703272
-1.602835 0.1873812 1.099262
-1.458106 0.1873812 1.298464
-1.268385 0.1873812 1.455415
-1.045593 0.1873812 1.560253
-0.8037278 0.1873812 1.606391
-0.5579876 0.1873812 1.590931
-0.3238122 0.1873812 1.514843
-0.1159161 0.1873812 1.382908
0.05263746 0.1873812 1.203417
0.1712582 0.1873812 0.9876465
0.2324922 0.1873812 0.7491556
0.2324922 0.1873812 0.5029294
0.1712582 0.1873812 0.2644385
0.05263752 0.1873812 0.04866832
-0.1159158 0.1873812 -0.1308228
-0.3238118 0.1873812 -0.2627576
-0.5579873 0.1873812 -0.3388458
-0.8037276 0.1873812 -0.3543065
-1.045593 0.1873812 -0.3081682
-1.268385 0.1873812 -0.2033302
-1.458106 0.1873812 -0.04637951
-1.602834 0.1873812 0.152822
-1.693476 0.1873812 0.3817574
-1.693106 0.3090171 0.6260422
-1.663227 0.3090171 0.8625605
-1.575467 0.3090171 1.084217
-1.43534 0.3090171 1.277085
-1.251651 0.3090171 1.429046
-1.035942 0.3090171 1.530551
-0.8017668 0.3090171 1.575222
-0.5638396 0.3090171 1.560253
-0.3371096 0.3090171 1.486584
-0.1358234 0.3090171 1.358844
0.02737123 0.3090171 1.18506
0.1422205 0.3090171 0.9761497
0.2015077 0.3090171 0.7452413
0.2015077 0.3090171 0.5068437
0.1422206 0.3090171 0.2759353
0.02737129 0.3090171 0.0670253
-0.1358231 0.3090171 -0.1067591
-0.3371092 0.3090171 -0.2344992
-0.5638393 0.3090171 -0.3081682
-0.8017666 0.3090171 -0.3231374
-1.035942 0.3090171 -0.278466
-1.251651 0.3090171 -0.1769612
-1.43534 0.3090171 -0.02500057
-1.575467 0.3090171 0.1678675
-1.663227 0.3090171 0.3895242
-1.646877 0.4257792 0.6260422
-1.61845 0.4257792 0.8510637
-1.534956 0.4257792 1.061946
-1.40164 0.4257792 1.245439
-1.22688 0.4257792 1.390013
-1.021657 0.4257792 1.486584
-0.7988641 0.4257792 1.529084
-0.5725021 0.4257792 1.514843
-0.3567931 0.4257792 1.444755
-0.1652911 0.4257792 1.323224
-0.01002914 0.4257792 1.157887
0.0992375 0.4257792 0.9591315
0.1556428 0.4257792 0.7394472
0.1556429 0.4257792 0.5126377
0.09923756 0.4257792 0.2929535
-0.01002902 0.4257792 0.09419829
-0.1652908 0.4257792 -0.07113874
-0.3567927 0.4257792 -0.1926696
-0.5725019 0.4257792 -0.2627577
-0.7988639 0.4257792 -0.2769992
-1.021657 0.4257792 -0.2344993
-1.22688 0.4257792 -0.1379284
-1.40164 0.4257792 0.00664562
-1.534956 0.4257792 0.1901387
-1.61845 0.4257792 0.4010209
-1.586377 0.5358267 0.6260423
-1.559851 0.5358267 0.8360182
-1.48194 0.5358267 1.0328
-1.357538 0.5358267 1.204025
-1.194463 0.5358267 1.338932
-1.002961 0.5358267 1.429046
-0.7950653 0.5358267 1.468704
-0.5838385 0.5358267 1.455415
-0.3825523 0.5358267 1.390013
-0.2038547 0.5358267 1.276608
-0.05897397 0.5358267 1.122326
0.04298681 0.5358267 0.9368603
0.09562075 0.5358267 0.7318647
0.09562075 0.5358267 0.5202203
0.04298687 0.5358267 0.3152247
-0.05897385 0.5358267 0.1297588
-0.2038544 0.5358267 -0.02452332
-0.382552 0.5358267 -0.1379283
-0.5838383 0.5358267 -0.2033302
-0.7950651 0.5358267 -0.2166194
-1.002961 0.5358267 -0.1769612
-1.194463 0.5358267 -0.08684731
-1.357538 0.5358267 0.04806012
-1.48194 0.5358267 0.2192844
-1.559851 0.5358267 0.4160665
-1.512563 0.6374241 0.6260423
-1.488356 0.6374241 0.8176612
-1.417255 0.6374241 0.9972397
-1.30373 0.6374241 1.153495
-1.154911 0.6374241 1.276608
-0.9801512 0.6374241 1.358844
-0.7904304 0.6374241 1.395035
-0.59767 0.6374241 1.382908
-0.4139811 0.6374241 1.323224
-0.250906 0.6374241 1.219733
-0.1186913 0.6374241 1.078939
-0.02564442 0.6374241 0.9096873
0.02238804 0.6374241 0.7226133
0.02238804 0.6374241 0.5294718
-0.02564436 0.6374241 0.3423977
-0.1186913 0.6374241 0.173146
-0.2509057 0.6374241 0.03235191
-0.4139808 0.6374241 -0.07113874
-0.5976698 0.6374241 -0.1308229
-0.7904302 0.6374241 -0.1429504
-0.9801512 0.6374241 -0.1067591
-1.154911 0.6374241 -0.02452344
-1.303729 0.6374241 0.09858978
-1.417255 0.6374241 0.2548449
-1.488356 0.6374241 0.4344235
-1.426597 0.7289686 0.6260423
-1.40509 0.7289686 0.7962824
-1.341923 0.7289686 0.9558253
-1.241063 0.7289686 1.094647
-1.108848 0.7289686 1.204025
-0.9535862 0.7289686 1.277085
-0.7850326 0.7289686 1.309239
-0.6137784 0.7289686 1.298464
-0.4505836 0.7289686 1.245439
-0.3057028 0.7289686 1.153495
-0.1882393 0.7289686 1.028409
-0.1055736 0.7289686 0.878041
-0.06290013 0.7289686 0.7118388
-0.06290013 0.7289686 0.5402461
-0.1055735 0.7289686 0.3740439
-0.1882392 0.7289686 0.2236756
-0.3057026 0.7289686 0.09858984
-0.4505834 0.7289686 0.006645679
-0.6137782 0.7289686 -0.04637951
-0.7850325 0.7289686 -0.05715394
-0.9535862 0.7289686 -0.02500057
-1.108848 0.7289686 0.04806006
-1.241063 0.7289686 0.1574376
-1.341923 0.7289686 0.2962594
-1.40509 0.7289686 0.4558024
-1.329835 0.809017 0.6260423
-1.311368 0.809017 0.7722186
-1.25713 0.809017 0.9092098
-1.170527 0.809017 1.028409
-1.057001 0.809017 1.122326
-0.9236851 0.809017 1.185059
-0.7789568 0.809017 1.212668
-0.6319097 0.809017 1.203416
-0.4917828 0.809017 1.157887
-0.3673812 0.809017 1.078939
-0.2665213 0.809017 0.9715341
-0.1955406 0.809017 0.8424206
-0.1588991 0.809017 0.6997114
-0.1588991 0.809017 0.5523736
-0.1955405 0.809017 0.4096643
-0.2665213 0.809017 0.2805509
-0.367381 0.809017 0.1731462
-0.4917826 0.809017 0.09419847
-0.6319095 0.809017 0.0486685
-0.7789567 0.809017 0.03941709
-0.9236851 0.809017 0.06702548
-1.057 0.809017 0.1297589
-1.170526 0.809017 0.2236757
-1.25713 0.809017 0.3428748
-1.311368 0.809017 0.4798661
-1.223803 0.8763067 0.6260424
-1.208668 0.8763067 0.7458497
-1.164214 0.8763067 0.8581289
-1.093233 0.8763067 0.9558254
-1.000186 0.8763067 1.0328
-0.8909196 0.8763067 1.084217
-0.7722991 0.8763067 1.106845
-0.651778 0.8763067 1.099263
-0.5369288 0.8763067 1.061946
-0.4349681 0.8763067 0.9972401
-0.3523026 0.8763067 0.9092103
-0.2941262 0.8763067 0.8033878
-0.2640945 0.8763067 0.6864221
-0.2640945 0.8763067 0.5656628
-0.2941261 0.8763067 0.4486971
-0.3523025 0.8763067 0.3428746
-0.434968 0.8763067 0.2548448
-0.5369287 0.8763067 0.1901386
-0.6517779 0.8763067 0.1528218
-0.7722989 0.8763067 0.1452393
-0.8909196 0.8763067 0.1678674
-1.000186 0.8763067 0.2192842
-1.093233 0.8763067 0.2962593
-1.164214 0.8763067 0.3939558
-1.208668 0.8763067 0.5062351
-1.110174 0.9297765 0.6260424
-1.098609 0.9297765 0.7175913
-1.06464 0.9297765 0.8033876
-1.010401 0.9297765 0.8780409
-0.9393005 0.9297765 0.9368602
-0.8558062 0.9297765 0.9761497
-0.7651642 0.9297765 0.9934406
-0.67307 0.9297765 0.9876466
-0.5853097 0.9297765 0.9591316
-0.5073981 0.9297765 0.9096873
-0.4442305 0.9297765 0.8424207
-0.3997759 0.9297765 0.7615581
-0.3768276 0.9297765 0.6721807
-0.3768276 0.9297765 0.5799043
-0.3997759 0.9297765 0.4905268
-0.4442304 0.9297765 0.4096642
-0.5073979 0.9297765 0.3423976
-0.5853096 0.9297765 0.2929534
-0.6730698 0.9297765 0.2644383
-0.7651641 0.9297765 0.2586443
-0.8558062 0.9297765 0.2759351
-0.9393004 0.9297765 0.3152245
-1.010401 0.9297765 0.3740438
-1.06464 0.9297765 0.4486971
-1.098609 0.9297765 0.5344935
-0.9907393 0.9685832 0.6260424
-0.9829262 0.9685832 0.687889
-0.9599781 0.9685832 0.7458495
-0.9233366 0.9685832 0.7962823
-0.8753042 0.9685832 0.8360182
-0.8188989 0.9685832 0.8625605
-0.7576648 0.9685832 0.8742415
-0.6954497 0.9685832 0.8703273
-0.6361625 0.9685832 0.8510637
-0.5835286 0.9685832 0.8176613
-0.5408552 0.9685832 0.7722187
-0.5108235 0.9685832 0.7175913
-0.4953206 0.9685832 0.6572115
-0.4953206 0.9685832 0.5948734
-0.5108235 0.9685832 0.5344936
-0.5408552 0.9685832 0.4798662
-0.5835285 0.9685832 0.4344236
-0.6361625 0.9685832 0.4010211
-0.6954497 0.9685832 0.3817576
-0.7576648 0.9685832 0.3778433
-0.8188989 0.9685832 0.3895243
-0.8753041 0.9685832 0.4160666
-0.9233365 0.9685832 0.4558025
-0.959978 0.9685832 0.5062352
-0.9829262 0.9685832 0.5641958
-0.8673828 0.9921147 0.6260424
-0.8634452 0.9921147 0.6572115
-0.8518799 0.9921147 0.6864222
-0.8334135 0.9921147 0.711839
-0.8092064 0.9921147 0.7318648
-0.7807796 0.9921147 0.7452415
-0.7499192 0.9921147 0.7511284
-0.7185644 0.9921147 0.7491558
-0.6886852 0.9921147 0.7394474
-0.662159 0.9921147 0.7226134
-0.6406527 0.9921147 0.6997115
-0.6255175 0.9921147 0.6721807
-0.6177045 0.9921147 0.6417508
-0.6177045 0.9921147 0.610334
-0.6255175 0.9921147 0.5799042
-0.6406527 0.9921147 0.5523733
-0.662159 0.9921147 0.5294715
-0.6886851 0.9921147 0.5126375
-0.7185643 0.9921147 0.5029291
-0.7499192 0.9921147 0.5009564
-0.7807796 0.9921147 0.5068434
-0.8092064 0.9921147 0.52022
-0.8334135 0.9921147 0.5402459
-0.8518798 0.9921147 0.5656627
-0.8634452 0.9921147 0.5948733
-0.7420495 1 0.6260424
-0.7420495 -1 0.6260424
1.888801 -0.9921147 -0.5046996
1.892739 -0.9921147 -0.4735306
1.904304 -0.9921147 -0.44432
1.92277 -0.9921147 -0.4189032
1.946977 -0.9921147 -0.3988774
1.975404 -0.9921147 -0.3855007
2.006264 -0.9921147 -0.3796138
2.037619 -0.9921147 -0.3815864
2.067498 -0.9921147 -0.3912948
2.094025 -0.9921147 -0.4081287
2.115531 -0.9921147 -0.4310306
2.130666 -0.9921147 -0.4585614
2.138479 -0.9921147 -0.4889913
2.138479 -0.9921147 -0.520408
2.130666 -0.9921147 -0.5508379
2.115531 -0.9921147 -0.5783687
2.094025 -0.9921147 -0.6012705
2.067498 -0.9921147 -0.6181045
2.037619 -0.9921147 -0.6278129
2.006264 -0.9921147 -0.6297855
1.975404 -0.9921147 -0.6238986
1.946977 -0.9921147 -0.610522
1.92277 -0.9921147 -0.5904961
1.904304 -0.9921147 -0.5650794
1.892739 -0.9921147 -0.5358688
1.765445 -0.9685832 -0.5046997
1.773257 -0.9685832 -0.4428531
1.796206 -0.9685832 -0.3848926
1.832847 -0.9685832 -0.3344599
1.88088 -0.9685832 -0.294724
1.937285 -0.9685832 -0.2681817
1.998519 -0.9685832 -0.2565007
2.060734 -0.9685832 -0.2604149
2.120021 -0.9685832 -0.2796785
2.172655 -0.9685832 -0.3130809
2.215328 -0.9685832 -0.3585235
2.24536 -0.9685832 -0.4131509
2.260863 -0.9685832 -0.4735306
2.260863 -0.9685832 -0.5358686
2.24536 -0.9685832 -0.5962484
2.215328 -0.9685832 -0.6508758
2.172655 -0.9685832 -0.6963183
2.120021 -0.9685832 -0.7297208
2.060734 -0.9685832 -0.7489843
1.998519 -0.9685832 -0.7528986
1.937285 -0.9685832 -0.7412176
1.88088 -0.9685832 -0.7146753
1.832847 -0.9685832 -0.6749395
1.796206 -0.9685832 -0.6245068
1.773257 -0.9685832 -0.5665463
1.64601 -0.9297765 -0.5046997
1.657575 -0.9297765 -0.4131508
1.691544 -0.9297765 -0.3273545
1.745783 -0.9297765 -0.2527013
1.816883 -0.9297765 -0.193882
1.900377 -0.9297765 -0.1545926
1.991019 -0.9297765 -0.1373017
2.083114 -0.9297765 -0.1430957
2.170874 -0.9297765 -0.1716107
2.248785 -0.9297765 -0.2210549
2.311953 -0.9297765 -0.2883214
2.356408 -0.9297765 -0.369184
2.379356 -0.9297765 -0.4585615
2.379356 -0.9297765 -0.5508378
2.356408 -0.9297765 -0.6402152
2.311953 -0.9297765 -0.7210778
2.248785 -0.9297765 -0.7883443
2.170874 -0.9297765 -0.8377886
2.083114 -0.9297765 -0.8663036
1.991019 -0.9297765 -0.8720976
1.900377 -0.9297765 -0.8548068
1.816883 -0.9297765 -0.8155174
1.745783 -0.9297765 -0.7566981
1.691544 -0.9297765 -0.6820449
1.657575 -0.9297765 -0.5962485
1.532381 -0.8763067 -0.5046997
1.547516 -0.8763067 -0.3848924
1.59197 -0.8763067 -0.2726133
1.662951 -0.8763067 -0.1749167
1.755998 -0.8763067 -0.09794173
1.865264 -0.8763067 -0.04652479
1.983885 -0.8763067 -0.02389672
2.104406 -0.8763067 -0.03147921
2.219255 -0.8763067 -0.06879592
2.321215 -0.8763067 -0.1335021
2.403881 -0.8763067 -0.2215319
2.462057 -0.8763067 -0.3273543
2.492089 -0.8763067 -0.44432
2.492089 -0.8763067 -0.5650793
2.462057 -0.8763067 -0.6820449
2.403881 -0.8763067 -0.7878674
2.321216 -0.8763067 -0.875897
2.219255 -0.8763067 -0.9406033
2.104406 -0.8763067 -0.9779201
1.983885 -0.8763067 -0.9855026
1.865264 -0.8763067 -0.9628745
1.755998 -0.8763067 -0.9114577
1.662951 -0.8763067 -0.8344827
1.59197 -0.8763067 -0.7367861
1.547516 -0.8763067 -0.624507
1.426349 -0.8090171 -0.5046998
1.444815 -0.8090171 -0.3585235
1.499054 -0.8090171 -0.2215322
1.585657 -0.8090171 -0.1023331
1.699183 -0.8090171 -0.008416265
1.832498 -0.8090171 0.0543173
1.977227 -0.8090171 0.08192569
2.124274 -0.8090171 0.07267427
2.264401 -0.8090171 0.02714437
2.388803 -0.8090171 -0.05180329
2.489662 -0.8090171 -0.159208
2.560643 -0.8090171 -0.2883215
2.597285 -0.8090171 -0.4310307
2.597285 -0.8090171 -0.5783685
2.560643 -0.8090171 -0.7210777
2.489662 -0.8090171 -0.8501912
2.388803 -0.8090171 -0.9575958
2.264401 -0.8090171 -1.036544
2.124274 -0.8090171 -1.082074
1.977227 -0.8090171 -1.091325
1.832499 -0.8090171 -1.063717
1.699183 -0.8090171 -1.000983
1.585657 -0.8090171 -0.9070663
1.499054 -0.8090171 -0.7878673
1.444815 -0.8090171 -0.6508759
1.329587 -0.7289686 -0.5046998
1.351093 -0.7289686 -0.3344598
1.414261 -0.7289686 -0.1749168
1.515121 -0.7289686 -0.03609508
1.647335 -0.7289686 0.07328248
1.802597 -0.7289686 0.1463433
1.971151 -0.7289686 0.1784967
2.142405 -0.7289686 0.1677223
2.3056 -0.7289686 0.1146972
2.450481 -0.7289686 0.02275306
2.567944 -0.7289686 -0.1023328
2.65061 -0.7289686 -0.252701
2.693284 -0.7289686 -0.4189032
2.693284 -0.7289686 -0.5904959
2.65061 -0.7289686 -0.7566981
2.567944 -0.7289686 -0.9070665
2.450481 -0.7289686 -1.032152
2.3056 -0.7289686 -1.124096
2.142406 -0.7289686 -1.177122
1.971151 -0.7289686 -1.187896
1.802597 -0.7289686 -1.155743
1.647336 -0.7289686 -1.082682
1.515121 -0.7289686 -0.9733044
1.414261 -0.7289686 -0.8344827
1.351093 -0.7289686 -0.6749397
1.243621 -0.6374242 -0.5046998
1.267828 -0.6374242 -0.3130809
1.338928 -0.6374242 -0.1335024
1.452454 -0.6374242 0.0227527
1.601272 -0.6374242 0.145866
1.776032 -0.6374242 0.2281018
1.965753 -0.6374242 0.264293
2.158514 -0.6374242 0.2521656
2.342202 -0.6374242 0.1924816
2.505278 -0.6374242 0.08899099
2.637492 -0.6374242 -0.0518032
2.730539 -0.6374242 -0.2210549
2.778572 -0.6374242 -0.4081288
2.778572 -0.6374242 -0.6012703
2.730539 -0.6374242 -0.7883443
2.637492 -0.6374242 -0.957596
2.505278 -0.6374242 -1.09839
2.342203 -0.6374242 -1.201881
2.158514 -0.6374242 -1.261565
1.965753 -0.6374242 -1.273692
1.776032 -0.6374242 -1.237501
1.601273 -0.6374242 -1.155265
1.452454 -0.6374242 -1.032152
1.338928 -0.6374242 -0.8758971
1.267828 -0.6374242 -0.6963186
1.169806 -0.5358269 -0.5046998
1.196332 -0.5358269 -0.2947239
1.274244 -0.5358269 -0.09794194
1.398645 -0.5358269 0.0732823
1.56172 -0.5358269 0.2081898
1.753222 -0.5358269 0.2983038
1.961118 -0.5358269 0.3379621
2.172345 -0.5358269 0.3246729
2.373631 -0.5358269 0.2592711
2.552329 -0.5358269 0.1458663
2.69721 -0.5358269 -0.008415967
2.79917 -0.5358269 -0.1938818
2.851804 -0.5358269 -0.3988774
2.851804 -0.5358269 -0.6105217
2.79917 -0.5358269 -0.8155173
2.69721 -0.5358269 -1.000983
2.552329 -0.5358269 -1.155265
2.373631 -0.5358269 -1.26867
2.172345 -0.5358269 -1.334072
1.961118 -0.5358269 -1.347361
1.753222 -0.5358269 -1.307703
1.561721 -0.5358269 -1.217589
1.398646 -0.5358269 -1.082682
1.274244 -0.5358269 -0.9114577
1.196332 -0.5358269 -0.7146755
1.109307 -0.4257794 -0.5046998
1.137734 -0.4257794 -0.2796784
1.221228 -0.4257794 -0.06879628
1.354543 -0.4257794 0.1146969
1.529303 -0.4257794 0.259271
1.734527 -0.4257794 0.3558419
1.95732 -0.4257794 0.3983419
2.183681 -0.4257794 0.3841004
2.39939 -0.4257794 0.3140124
2.590893 -0.4257794 0.1924816
2.746154 -0.4257794 0.02714455
2.855421 -0.4257794 -0.1716106
2.911826 -0.4257794 -0.3912948
2.911826 -0.4257794 -0.6181043
2.855421 -0.4257794 -0.8377886
2.746155 -0.4257794 -1.036544
2.590893 -0.4257794 -1.201881
2.399391 -0.4257794 -1.323412
2.183682 -0.4257794 -1.3935
1.95732 -0.4257794 -1.407741
1.734527 -0.4257794 -1.365241
1.529304 -0.4257794 -1.26867
1.354544 -0.4257794 -1.124096
1.221228 -0.4257794 -0.9406033
1.137734 -0.4257794 -0.7297211
1.063078 -0.3090172 -0.5046998
1.092957 -0.3090172 -0.2681816
1.180717 -0.3090172 -0.04652506
1.320844 -0.3090172 0.1463431
1.504532 -0.3090172 0.2983038
1.720241 -0.3090172 0.3998088
1.954417 -0.3090172 0.4444801
2.192344 -0.3090172 0.4295111
2.419074 -0.3090172 0.3558421
2.62036 -0.3090172 0.2281021
2.783555 -0.3090172 0.05431759
2.898404 -0.3090172 -0.1545924
2.957691 -0.3090172 -0.3855008
2.957691 -0.3090172 -0.6238984
2.898404 -0.3090172 -0.8548067
2.783555 -0.3090172 -1.063717
2.620361 -0.3090172 -1.237501
2.419075 -0.3090172 -1.365241
2.192344 -0.3090172 -1.43891
1.954417 -0.3090172 -1.453879
1.720242 -0.3090172 -1.409208
1.504533 -0.3090172 -1.307703
1.320844 -0.3090172 -1.155743
1.180717 -0.3090172 -0.9628745
1.092957 -0.3090172 -0.7412179
1.031847 -0.1873813 -0.5046998
1.062707 -0.1873813 -0.2604148
1.153349 -0.1873813 -0.03147954
1.298077 -0.1873813 0.167722
1.487798 -0.1873813 0.3246728
1.710591 -0.1873813 0.429511
1.952456 -0.1873813 0.4756493
2.198196 -0.1873813 0.4601887
2.432371 -0.1873813 0.3841006
2.640267 -0.1873813 0.2521658
2.808821 -0.1873813 0.07267457
2.927442 -0.1873813 -0.1430956
2.988676 -0.1873813 -0.3815865
2.988676 -0.1873813 -0.6278126
2.927442 -0.1873813 -0.8663036
2.808821 -0.1873813 -1.082074
2.640268 -0.1873813 -1.261565
2.432372 -0.1873813 -1.3935
2.198196 -0.1873813 -1.469588
1.952456 -0.1873813 -1.485049
1.710591 -0.1873813 -1.43891
1.487798 -0.1873813 -1.334072
1.298078 -0.1873813 -1.177122
1.153349 -0.1873813 -0.9779201
1.062707 -0.1873813 -0.7489847
1.016107 -0.06279047 -0.5046998
1.047462 -0.06279047 -0.2565005
1.139556 -0.06279047 -0.02389699
1.286604 -0.06279047 0.1784964
1.479365 -0.06279047 0.3379621
1.705727 -0.06279047 0.4444801
1.951468 -0.06279047 0.4913577
2.201145 -0.06279047 0.4756494
2.439073 -0.06279047 0.3983421
2.6503 -0.06279047 0.2642933
2.821555 -0.06279047 0.08192605
2.942076 -0.06279047 -0.1373015
3.004291 -0.06279047 -0.3796138
3.004291 -0.06279047 -0.6297853
2.942076 -0.06279047 -0.8720976
2.821555 -0.06279047 -1.091325
2.650301 -0.06279047 -1.273692
2.439073 -0.06279047 -1.407741
2.201146 -0.06279047 -1.485049
1.951468 -0.06279047 -1.500757
1.705727 -0.06279047 -1.453879
1.479365 -0.06279047 -1.347362
1.286604 -0.06279047 -1.187896
1.139557 -0.06279047 -0.9855026
1.047462 -0.06279047 -0.7528989
1.016107 0.06279038 -0.5046998
1.047462 0.06279038 -0.2565005
1.139556 0.06279038 -0.02389699
1.286604 0.06279038 0.1784964
1.479365 0.06279038 0.3379621
1.705727 0.06279038 0.4444801
1.951468 0.06279038 0.4913577
2.201145 0.06279038 0.4756494
2.439073 0.06279038 0.3983421
2.6503 0.06279038 0.2642933
2.821555 0.06279038 0.08192605
2.942076 0.06279038 -0.1373015
3.004291 0.06279038 -0.3796138
3.004291 0.06279038 -0.6297853
2.942076 0.06279038 -0.8720976
2.821555 0.06279038 -1.091325
2.650301 0.06279038 -1.273692
2.439073 0.06279038 -1.407741
2.201146 0.06279038 -1.485049
1.951468 0.06279038 -1.500757
1.705727 0.06279038 -1.453879
1.479365 0.06279038 -1.347362
1.286604 0.06279038 -1.187896
1.139557 0.06279038 -0.9855026
1.047462 0.06279038 -0.7528989
1.031847 0.1873812 -0.5046998
1.062707 0.1873812 -0.2604148
1.153349 0.1873812 -0.03147954
1.298077 0.1873812 0.167722
1.487798 0.1873812 0.3246728
1.710591 0.1873812 0.429511
1.952456 0.1873812 0.4756493
2.198196 0.1873812 0.4601887
2.432371 0.1873812 0.3841006
2.640267 0.1873812 0.2521659
2.808821 0.1873812 0.07267457
2.927442 0.1873812 -0.1430956
2.988676 0.1873812 -0.3815865
2.988676 0.1873812 -0.6278126
2.927442 0.1873812 -0.8663036
2.808821 0.1873812 -1.082074
2.640268 0.1873812 -1.261565
2.432372 0.1873812 -1.3935
2.198196 0.1873812 -1.469588
1.952456 0.1873812 -1.485049
1.710591 0.1873812 -1.43891
1.487798 0.1873812 -1.334072
1.298078 0.1873812 -1.177122
1.153349 0.1873812 -0.9779201
1.062707 0.1873812 -0.7489847
1.063078 0.3090171 -0.5046998
1.092957 0.3090171 -0.2681816
1.180717 0.3090171 -0.04652506
1.320844 0.3090171 0.1463431
1.504532 0.3090171 0.2983038
1.720241 0.3090171 0.3998088
1.954417 0.3090171 0.4444801
2.192344 0.3090171 0.4295111
2.419074 0.3090171 0.3558421
2.62036 0.3090171 0.2281021
2.783555 0.3090171 0.05431759
2.898404 0.3090171 -0.1545924
2.957691 0.3090171 -0.3855008
2.957691 0.3090171 -0.6238984
2.898404 0.3090171 -0.8548068
2.783555 0.3090171 -1.063717
2.620361 0.3090171 -1.237501
2.419075 0.3090171 -1.365241
2.192344 0.3090171 -1.43891
1.954417 0.3090171 -1.453879
1.720242 0.3090171 -1.409208
1.504533 0.3090171 -1.307703
1.320844 0.3090171 -1.155743
1.180717 0.3090171 -0.9628745
1.092957 0.3090171 -0.7412179
1.109307 0.4257792 -0.5046998
1.137734 0.4257792 -0.2796783
1.221228 0.4257792 -0.06879622
1.354543 0.4257792 0.1146969
1.529303 0.4257792 0.259271
1.734527 0.4257792 0.355842
1.95732 0.4257792 0.398342
2.183681 0.4257792 0.3841006
2.39939 0.4257792 0.3140125
2.590893 0.4257792 0.1924818
2.746155 0.4257792 0.02714461
2.855421 0.4257792 -0.1716106
2.911826 0.4257792 -0.3912948
2.911827 0.4257792 -0.6181043
2.855421 0.4257792 -0.8377886
2.746155 0.4257792 -1.036544
2.590893 0.4257792 -1.201881
2.399391 0.4257792 -1.323412
2.183682 0.4257792 -1.3935
1.95732 0.4257792 -1.407741
1.734527 0.4257792 -1.365241
1.529304 0.4257792 -1.268671
1.354544 0.4257792 -1.124096
1.221228 0.4257792 -0.9406034
1.137734 0.4257792 -0.7297211
1.169806 0.5358267 -0.5046998
1.196332 0.5358267 -0.2947239
1.274244 0.5358267 -0.09794188
1.398645 0.5358267 0.07328242
1.56172 0.5358267 0.2081899
1.753222 0.5358267 0.2983039
1.961118 0.5358267 0.3379622
2.172345 0.5358267 0.324673
2.373631 0.5358267 0.2592713
2.552329 0.5358267 0.1458663
2.69721 0.5358267 -0.008415908
2.79917 0.5358267 -0.1938818
2.851804 0.5358267 -0.3988774
2.851804 0.5358267 -0.6105218
2.79917 0.5358267 -0.8155174
2.69721 0.5358267 -1.000983
2.552329 0.5358267 -1.155265
2.373631 0.5358267 -1.26867
2.172345 0.5358267 -1.334072
1.961118 0.5358267 -1.347362
1.753222 0.5358267 -1.307703
1.561721 0.5358267 -1.217589
1.398646 0.5358267 -1.082682
1.274244 0.5358267 -0.9114577
1.196332 0.5358267 -0.7146755
1.243621 0.6374241 -0.5046998
1.267828 0.6374241 -0.3130808
1.338928 0.6374241 -0.1335024
1.452454 0.6374241 0.02275276
1.601272 0.6374241 0.1458661
1.776032 0.6374241 0.2281019
1.965753 0.6374241 0.2642931
2.158514 0.6374241 0.2521657
2.342202 0.6374241 0.1924816
2.505278 0.6374241 0.08899111
2.637492 0.6374241 -0.05180314
2.730539 0.6374241 -0.2210548
2.778572 0.6374241 -0.4081288
2.778572 0.6374241 -0.6012703
2.730539 0.6374241 -0.7883444
2.637492 0.6374241 -0.9575961
2.505278 0.6374241 -1.09839
2.342203 0.6374241 -1.201881
2.158514 0.6374241 -1.261565
1.965753 0.6374241 -1.273692
1.776032 0.6374241 -1.237501
1.601273 0.6374241 -1.155266
1.452454 0.6374241 -1.032152
1.338928 0.6374241 -0.8758972
1.267828 0.6374241 -0.6963186
1.329587 0.7289686 -0.5046998
1.351093 0.7289686 -0.3344597
1.414261 0.7289686 -0.1749168
1.515121 0.7289686 -0.03609505
1.647335 0.7289686 0.07328254
1.802597 0.7289686 0.1463434
1.971151 0.7289686 0.1784967
2.142405 0.7289686 0.1677223
2.3056 0.7289686 0.1146972
2.450481 0.7289686 0.02275312
2.567944 0.7289686 -0.1023327
2.65061 0.7289686 -0.252701
2.693284 0.7289686 -0.4189032
2.693284 0.7289686 -0.5904959
2.65061 0.7289686 -0.7566981
2.567945 0.7289686 -0.9070665
2.450481 0.7289686 -1.032152
2.3056 0.7289686 -1.124096
2.142406 0.7289686 -1.177122
1.971151 0.7289686 -1.187896
1.802597 0.7289686 -1.155743
1.647336 0.7289686 -1.082682
1.515121 0.7289686 -0.9733045
1.414261 0.7289686 -0.8344827
1.351093 0.7289686 -0.6749397
1.426349 0.809017 -0.5046998
1.444815 0.809017 -0.3585234
1.499054 0.809017 -0.2215322
1.585657 0.809017 -0.1023331
1.699183 0.809017 -0.008416235
1.832498 0.809017 0.0543173
1.977227 0.809017 0.08192569
2.124274 0.809017 0.07267433
2.264401 0.809017 0.02714437
2.388803 0.809017 -0.05180326
2.489662 0.809017 -0.159208
2.560643 0.809017 -0.2883215
2.597285 0.809017 -0.4310307
2.597285 0.809017 -0.5783685
2.560643 0.809017 -0.7210777
2.489662 0.809017 -0.8501912
2.388803 0.809017 -0.9575958
2.264401 0.809017 -1.036544
2.124274 0.809017 -1.082074
1.977227 0.809017 -1.091325
1.832499 0.809017 -1.063717
1.699183 0.809017 -1.000983
1.585657 0.809017 -0.9070663
1.499054 0.809017 -0.7878673
1.444815 0.809017 -0.6508759
1.53238 0.8763067 -0.5046997
1.547516 0.8763067 -0.3848924
1.59197 0.8763067 -0.2726132
1.662951 0.8763067 -0.1749166
1.755998 0.8763067 -0.09794158
1.865264 0.8763067 -0.04652461
1.983885 0.8763067 -0.02389655
2.104406 0.8763067 -0.03147903
2.219255 0.8763067 -0.06879577
2.321215 0.8763067 -0.1335019
2.403881 0.8763067 -0.2215318
2.462058 0.8763067 -0.3273543
2.492089 0.8763067 -0.4443199
2.492089 0.8763067 -0.5650793
2.462058 0.8763067 -0.682045
2.403881 0.8763067 -0.7878674
2.321216 0.8763067 -0.8758972
2.219255 0.8763067 -0.9406035
2.104406 0.8763067 -0.9779202
1.983885 0.8763067 -0.9855028
1.865264 0.8763067 -0.9628747
1.755998 0.8763067 -0.9114578
1.662951 0.8763067 -0.8344828
1.59197 0.8763067 -0.7367862
1.547516 0.8763067 -0.624507
1.64601 0.9297765 -0.5046997
1.657575 0.9297765 -0.4131508
1.691544 0.9297765 -0.3273544
1.745783 0.9297765 -0.2527011
1.816883 0.9297765 -0.1938818
1.900377 0.9297765 -0.1545924
1.991019 0.9297765 -0.1373015
2.083114 0.9297765 -0.1430955
2.170874 0.9297765 -0.1716105
2.248785 0.9297765 -0.2210547
2.311953 0.9297765 -0.2883213
2.356408 0.9297765 -0.369184
2.379356 0.9297765 -0.4585615
2.379356 0.9297765 -0.5508378
2.356408 0.9297765 -0.6402153
2.311953 0.9297765 -0.7210779
2.248786 0.9297765 -0.7883445
2.170874 0.9297765 -0.8377887
2.083114 0.9297765 -0.8663037
1.991019 0.9297765 -0.8720978
1.900377 0.9297765 -0.8548069
1.816883 0.9297765 -0.8155175
1.745783 0.9297765 -0.7566983
1.691544 0.9297765 -0.682045
1.657575 0.9297765 -0.5962486
1.765444 0.9685832 -0.5046997
1.773257 0.9685832 -0.442853
1.796206 0.9685832 -0.3848925
1.832847 0.9685832 -0.3344598
1.880879 0.9685832 -0.2947239
1.937285 0.9685832 -0.2681816
1.998519 0.9685832 -0.2565005
2.060734 0.9685832 -0.2604148
2.120021 0.9685832 -0.2796783
2.172655 0.9685832 -0.3130808
2.215328 0.9685832 -0.3585234
2.24536 0.9685832 -0.4131508
2.260863 0.9685832 -0.4735306
2.260863 0.9685832 -0.5358687
2.24536 0.9685832 -0.5962484
2.215328 0.9685832 -0.6508759
2.172655 0.9685832 -0.6963184
2.120021 0.9685832 -0.729721
2.060734 0.9685832 -0.7489845
1.998519 0.9685832 -0.7528988
1.937285 0.9685832 -0.7412177
1.88088 0.9685832 -0.7146754
1.832847 0.9685832 -0.6749396
1.796206 0.9685832 -0.6245069
1.773257 0.9685832 -0.5665463
1.888801 0.9921147 -0.5046996
1.892738 0.9921147 -0.4735305
1.904304 0.9921147 -0.4443199
1.92277 0.9921147 -0.4189031
1.946977 0.9921147 -0.3988773
1.975404 0.9921147 -0.3855006
2.006264 0.9921147 -0.3796137
2.037619 0.9921147 -0.3815863
2.067498 0.9921147 -0.3912947
2.094025 0.9921147 -0.4081287
2.115531 0.9921147 -0.4310305
2.130666 0.9921147 -0.4585614
2.138479 0.9921147 -0.4889912
2.138479 0.9921147 -0.520408
2.130666 0.9921147 -0.5508379
2.115531 0.9921147 -0.5783687
2.094025 0.9921147 -0.6012706
2.067498 0.9921147 -0.6181046
2.037619 0.9921147 -0.627813
2.006264 0.9921147 -0.6297857
1.975404 0.9921147 -0.6238987
1.946977 0.9921147 -0.610522
1.92277 0.9921147 -0.5904962
1.904304 0.9921147 -0.5650794
1.892738 0.9921147 -0.5358688
2.014134 1 -0.5046996
2.014134 -1 -0.5046996


// trójkąty
triangles_count 2400
0 26 1
0 25 26
1 27 2
1 26 27
2 28 3
2 27 28
3 29 4
3 28 29
4 30 5
4 29 30
5 31 6
5 30 31
6 32 7
6 31 32
7 33 8
7 32 33
8 34 9
8 33 34
9 35 10
9 34 35
10 36 11
10 35 36
11 37 12
11 36 37
12 38 13
12 37 38
13 39 14
13 38 39
14 40 15
14 39 40
15 41 16
15 40 41
16 42 17
16 41 42
17 43 18
17 42 43
18 44 19
18 43 44
19 45 20
19 44 45
20 46 21
20 45 46
21 47 22
21 46 47
22 48 23
22 47 48
23 49 24
23 48 49
24 25 0
24 49 25
25 51 26
25 50 51
26 52 27
26 51 52
27 53 28
27 52 53
28 54 29
28 53 54
29 55 30
29 54 55
30 56 31
30 55 56
31 57 32
31 56 57
32 58 33
32 57 58
33 59 34
33 58 59
34 60 35
34 59 60
35 61 36
35 60 61
36 62 37
36 61 62
37 63 38
37 62 63
38 64 39
38 63 64
39 65 40
39 64 65
40 66 41
40 65 66
41 67 42
41 66 67
42 68 43
42 67 68
43 69 44
43 68 69
44 70 45
44 69 70
45 71 46
45 70 71
46 72 47
46 71 72
47 73 48
47 72 73
48 74 49
48 73 74
49 50 25
49 74 50
50 76 51
50 75 76
51 77 52
51 76 77
52 78 53
52 77 78
53 79 54
53 78 79
54 80 55
54 79 80
55 81 56
55 80 81
56 82 57
56 81 82
57 83 58
57 82 83
58 84 59
58 83 84
59 85 60
59 84 85
60 86 61
60 85 86
61 87 62
61 86 87
62 88 63
62 87 88
63 89 64
63 88 89
64 90 65
64 89 90
65 91 66
65 90 91
66 92 67
66 91 92
67 93 68
67 92 93
68 94 69
68 93 94
69 95 70
69 94 95
70 96 71
70 95 96
71 97 72
71 96 97
72 98 73
72 97 98
73 99 74
73 98 99
74 75 50
74 99 75
75 101 76
75 100 101
76 102 77
76 101 102
77 103 78
77 102 103
78 104 79
78 103 104
79 105 80
79 104 105
80 106 81
80 105 106
81 107 82
81 106 107
82 108 83
82 107 108
83 109 84
83 108 109
84 110 85
84 109 110
85 111 86
85 110 111
86 112 87
86 111 112
87 113 88
87 112 113
88 114 89
88 113 114
89 115 90
89 114 115
90 116 91
90 115 116
91 117 92
91 116 117
92 118 93
92 117 118
93 119 94
93 118 119
94 120 95
94 119 120
95 121 96
95 120 121
96 122 97
96 121 122
97 123 98
97 122 123
98 124 99
98 123 124
99 100 75
99 124 100
100 126 101
100 125 126
101 127 102
101 126 127
102 128 103
102 127 128
103 129 104
103 128 129
104 130 105
104 129 130
105 131 106
105 130 131
106 132 107
106 131 132
107 133 108
107 132 133
108 134 109
108 133 134
109 135 110
109 134 135
110 136 111
110 135 136
111 137 112
111 136 137
112 138 113
112 137 138
113 139 114
113 138 139
114 140 115
114 139 140
115 141 116
115 140 141
116 142 117
116 141 142
117 143 118
117 142 143
118 144 119
118 143 144
119 145 120
119 144 145
120 146 121
120 145 146
121 147 122
121 146 147
122 148 123
122 147 148
123 149 124
123 148 149
124 125 100
124 149 125
125 151 126
125 150 151
126 152 127
126 151 152
127 153 128
127 152 153
128 154 129
128 153 154
129 155 130
129 154 155
130 156 131
130 155 156
131 157 132
131 156 157
132 158 133
132 157 158
133 159 134
133 158 159
134 160 135
134 159 160
135 161 136
135 160 161
136 162 137
136 161 162
137 163 138
137 162 163
138 164 139
138 163 164
139 165 140
139 164 165
140 166 141
140 165 166
141 167 142
141 166 167
142 168 143
142 167 168
143 169 144
143 168 169
144 170 145
144 169 170
145 171 146
145 170 171
146 172 147
146 171 172
147 173 148
147 172 173
148 174 149
148 173 174
149 150 125
149 174 150
150 176 151
150 175 176
151 177 152
151 176 177
152 178 153
152 177 178
153 179 154
153 178 179
154 180 155
154 179 180
155 181 156
155 180 181
156 182 157
156 181 182
157 183 158
157 182 183
158 184 159
158 183 184
159 185 160
159 184 185
160 186 161
160 185 186
161 187 162
161 186 187
162 188 163
162 187 188
163 189 164
163 188 189
164 190 165
164 189 190
165 191 166
165 190 191
166 192 167
166 191 192
167 193 168
167 192 193
168 194 169
168 193 194
169 195 170
169 194 195
170 196 171
170 195 196
171 197 172
171 196 197
172 198 173
172 197 198
173 199 174
173 198 199
174 175 150
174 199 175
175 201 176
175 200 201
176 202 177
176 201 202
177 203 178
177 202 203
178 204 179
178 203 204
179 205 180
179 204 205
180 206 181
180 205 206
181 207 182
181 206 207
182 208 183
182 207 208
183 209 184
183 208 209
184 210 185
184 209 210
185 211 186
185 210 211
186 212 187
186 211 212
187 213 188
187 212 213
188 214 189
188 213 214
189 215 190
189 214 215
190 216 191
190 215 216
191 217 192
191 216 217
192 218 193
192 217 218
193 219 194
193 218 219
194 220 195
194 219 220
195 221 196
195 220 221
196 222 197
196 221 222
197 223 198
197 222 223
198 224 199
198 223 224
199 200 175
199 224 200
200 226 201
200 225 226
201 227 202
201 226 227
202 228 203
202 227 228
203 229 204
203 228 229
204 230 205
204 229 230
205 231 206
205 230 231
206 232 207
206 231 232
207 233 208
207 232 233
208 234 209
208 233 234
209 235 210
209 234 235
210 236 211
210 235 236
211 237 212
211 236 237
212 238 213
212 237 238
213 239 214
213 238 239
214 240 215
214 239 240
215 241 216
215 240 241
216 242 217
216 241 242
217 243 218
217 242 243
218 244 219
218 243 244
219 245 220
219 244 245
220 246 221
220 245 246
221 247 222
221 246 247
222 248 223
222 247 248
223 249 224
223 248 249
224 225 200
224 249 225
225 251 226
225 250 251
226 252 227
226 251 252
227 253 228
227 252 253
228 254 229
228 253 254
229 255 230
229 254 255
230 256 231
230 255 256
231 257 232
231 256 257
232 258 233
232 257 258
233 259 234
233 258 259
234 260 235
234 259 260
235 261 236
235 260 261
236 262 237
236 261 262
237 263 238
237 262 263
238 264 239
238 263 264
239 265 240
239 264 265
240 266 241
240 265 266
241 267 242
241 266 267
242 268 243
242 267 268
243 269 244
243 268 269
244 270 245
244 269 270
245 271 246
245 270 271
246 272 247
246 271 272
247 273 248
247 272 273
248 274 249
248 273 274
249 250 225
249 274 250
250 276 251
250 275 276
251 277 252
251 276 277
252 278 253
252 277 278
253 279 254
253 278 279
254 280 255
254 279 280
255 281 256
255 280 281
256 282 257
256 281 282
257 283 258
257 282 283
258 284 259
258 283 284
259 285 260
259 284 285
260 286 261
260 285 286
261 287 262
261 286 287
262 288 263
262 287 288
263 289 264
263 288 289
264 290 265
264 289 290
265 291 266
265 290 291
266 292 267
266 291 292
267 293 268
267 292 293
268 294 269
268 293 294
269 295 270
269 294 295
270 296 271
270 295 296
271 297 272
271 296 297
272 298 273
272 297 298
273 299 274
273 298 299
274 275 250
274 299 275
275 301 276
275 300 301
276 302 277
276 301 302
277 303 278
277 302 303
278 304 279
278 303 304
279 305 280
279 304 305
280 306 281
280 305 306
281 307 282
281 306 307
282 308 283
282 307 308
283 309 284
283 308 309
284 310 285
284 309 310
285 311 286
285 310 311
286 312 287
286 311 312
287 313 288
287 312 313
288 314 289
288 313 314
289 315 290
289 314 315
290 316 291
290 315 316
291 317 292
291 316 317
292 318 293
292 317 318
293 319 294
293 318 319
294 320 295
294 319 320
295 321 296
295 320 321
296 322 297
296 321 322
297 323 298
297 322 323
298 324 299
298 323 324
299 300 275
299 324 300
300 326 301
300 325 326
301 327 302
301 326 327
302 328 303
302 327 328
303 329 304
303 328 329
304 330 305
304 329 330
305 331 306
305 330 331
306 332 307
306 331 332
307 333 308
307 332 333
308 334 309
308 333 334
309 335 310
309 334 335
310 336 311
310 335 336
311 337 312
311 336 337
312 338 313
312 337 338
313 339 314
313 338 339
314 340 315
314 339 340
315 341 316
315 340 341
316 342 317
316 341 342
317 343 318
317 342 343
318 344 319
318 343 344
319 345 320
319 344 345
320 346 321
320 345 346
321 347 322
321 346 347
322 348 323
322 347 348
323 349 324
323 348 349
324 325 300
324 349 325
325 351 326
325 350 351
326 352 327
326 351 352
327 353 328
327 352 353
328 354 329
328 353 354
329 355 330
329 354 355
330 356 331
330 355 356
331 357 332
331 356 357
332 358 333
332 357 358
333 359 334
333 358 359
334 360 335
334 359 360
335 361 336
335 360 361
336 362 337
336 361 362
337 363 338
337 362 363
338 364 339
338 363 364
339 365 340
339 364 365
340 366 341
340 365 366
341 367 342
341 366 367
342 368 343
342 367 368
343 369 344
343 368 369
344 370 345
344 369 370
345 371 346
345 370 371
346 372 347
346 371 372
347 373 348
347 372 373
348 374 349
348 373 374
349 350 325
349 374 350
350 376 351
350 375 376
351 377 352
351 376 377
352 378 353
352 377 378
353 379 354
353 378 379
354 380 355
354 379 380
355 381 356
355 380 381
356 382 357
356 381 382
357 383 358
357 382 383
358 384 359
358 383 384
359 385 360
359 384 385
360 386 361
360 385 386
361 387 362
361 386 387
362 388 363
362 387 388
363 389 364
363 388 389
364 390 365
364 389 390
365 391 366
365 390 391
366 392 367
366 391 392
367 393 368
367 392 393
368 394 369
368 393 394
369 395 370
369 394 395
370 396 371
370 395 396
371 397 372
371 396 397
372 398 373
372 397 398
373 399 374
373 398 399
374 375 350
374 399 375
375 401 376
375 400 401
376 402 377
376 401 402
377 403 378
377 402 403
378 404 379
378 403 404
379 405 380
379 404 405
380 406 381
380 405 406
381 407 382
381 406 407
382 408 383
382 407 408
383 409 384
383 408 409
384 410 385
384 409 410
385 411 386
385 410 411
386 412 387
386 411 412
387 413 388
387 412 413
388 414 389
388 413 414
389 415 390
389 414 415
390 416 391
390 415 416
391 417 392
391 416 417
392 418 393
392 417 418
393 419 394
393 418 419
394 420 395
394 419 420
395 421 396
395 420 421
396 422 397
396 421 422
397 423 398
397 422 423
398 424 399
398 423 424
399 400 375
399 424 400
400 426 401
400 425 426
401 427 402
401 426 427
402 428 403
402 427 428
403 429 404
403 428 429
404 430 405
404 429 430
405 431 406
405 430 431
406 432 407
406 431 432
407 433 408
407 432 433
408 434 409
408 433 434
409 435 410
409 434 435
410 436 411
410 435 436
411 437 412
411 436 437
412 438 413
412 437 438
413 439 414
413 438 439
414 440 415
414 439 440
415 441 416
415 440 441
416 442 417
416 441 442
417 443 418
417 442 443
418 444 419
418 443 444
419 445 420
419 444 445
420 446 421
420 445 446
421 447 422
421 446 447
422 448 423
422 447 448
423 449 424
423 448 449
424 425 400
424 449 425
425 451 426
425 450 451
426 452 427
426 451 452
427 453 428
427 452 453
428 454 429
428 453 454
429 455 430
429 454 455
430 456 431
430 455 456
431 457 432
431 456 457
432 458 433
432 457 458
433 459 434
433 458 459
434 460 435
434 459 460
435 461 436
435 460 461
436 462 437
436 461 462
437 463 438
437 462 463
438 464 439
438 463 464
439 465 440
439 464 465
440 466 441
440 465 466
441 467 442
441 466 467
442 468 443
442 467 468
443 469 444
443 468 469
444 470 445
444 469 470
445 471 446
445 470 471
446 472 447
446 471 472
447 473 448
447 472 473
448 474 449
448 473 474
449 450 425
449 474 450
450 476 451
450 475 476
451 477 452
451 476 477
452 478 453
452 477 478
453 479 454
453 478 479
454 480 455
454 479 480
455 481 456
455 480 481
456 482 457
456 481 482
457 483 458
457 482 483
458 484 459
458 483 484
459 485 460
459 484 485
460 486 461
460 485 486
461 487 462
461 486 487
462 488 463
462 487 488
463 489 464
463 488 489
464 490 465
464 489 490
465 491 466
465 490 491
466 492 467
466 491 492
467 493 468
467 492 493
468 494 469
468 493 494
469 495 470
469 494 495
470 496 471
470 495 496
471 497 472
471 496 497
472 498 473
472 497 498
473 499 474
473 498 499
474 475 450
474 499 475
475 501 476
475 500 501
476 502 477
476 501 502
477 503 478
477 502 503
478 504 479
478 503 504
479 505 480
479 504 505
480 506 481
480 505 506
481 507 482
481 506 507
482 508 483
482 507 508
483 509 484
483 508 509
484 510 485
484 509 510
485 511 486
485 510 511
486 512 487
486 511 512
487 513 488
487 512 513
488 514 489
488 513 514
489 515 490
489 514 515
490 516 491
490 515 516
491 517 492
491 516 517
492 518 493
492 517 518
493 519 494
493 518 519
494 520 495
494 519 520
495 521 496
495 520 521
496 522 497
496 521 522
497 523 498
497 522 523
498 524 499
498 523 524
499 500 475
499 524 500
500 526 501
500 525 526
501 527 502
501 526 527
502 528 503
502 527 528
503 529 504
503 528 529
504 530 505
504 529 530
505 531 506
505 530 531
506 532 507
506 531 532
507 533 508
507 532 533
508 534 509
508 533 534
509 535 510
509 534 535
510 536 511
510 535 536
511 537 512
511 536 537
512 538 513
512 537 538
513 539 514
513 538 539
514 540 515
514 539 540
515 541 516
515 540 541
516 542 517
516 541 542
517 543 518
517 542 543
518 544 519
518 543 544
519 545 520
519 544 545
520 546 521
520 545 546
521 547 522
521 546 547
522 548 523
522 547 548
523 549 524
523 548 549
524 525 500
524 549 525
525 551 526
525 550 551
526 552 527
526 551 552
527 553 528
527 552 553
528 554 529
528 553 554
529 555 530
529 554 555
530 556 531
530 555 556
531 557 532
531 556 557
532 558 533
532 557 558
533 559 534
533 558 559
534 560 535
534 559 560
535 561 536
535 560 561
536 562 537
536 561 562
537 563 538
537 562 563
538 564 539
538 563 564
539 565 540
539 564 565
540 566 541
540 565 566
541 567 542
541 566 567
542 568 543
542 567 568
543 569 544
543 568 569
544 570 545
544 569 570
545 571 546
545 570 571
546 572 547
546 571 572
547 573 548
547 572 573
548 574 549
548 573 574
549 550 525
549 574 550
550 576 551
550 575 576
551 577 552
551 576 577
552 578 553
552 577 578
553 579 554
553 578 579
554 580 555
554 579 580
555 581 556
555 580 581
556 582 557
556 581 582
557 583 558
557 582 583
558 584 559
558 583 584
559 585 560
559 584 585
560 586 561
560 585 586
561 587 562
561 586 587
562 588 563
562 587 588
563 589 564
563 588 589
564 590 565
564 589 590
565 591 566
565 590 591
566 592 567
566 591 592
567 593 568
567 592 593
568 594 569
568 593 594
569 595 570
569 594 595
570 596 571
570 595 596
571 597 572
571 596 597
572 598 573
572 597 598
573 599 574
573 598 599
574 575 550
574 599 575
601 0 1
576 575 600
601 1 2
577 576 600
601 2 3
578 577 600
601 3 4
579 578 600
601 4 5
580 579 600
601 5 6
581 580 600
601 6 7
582 581 600
601 7 8
583 582 600
601 8 9
584 583 600
601 9 10
585 584 600
601 10 11
586 585 600
601 11 12
587 586 600
601 12 13
588 587 600
601 13 14
589 588 600
601 14 15
590 589 600
601 15 16
591 590 600
601 16 17
592 591 600
601 17 18
593 592 600
601 18 19
594 593 600
601 19 20
595 594 600
601 20 21
596 595 600
601 21 22
597 596 600
601 22 23
598 597 600
601 23 24
599 598 600
601 24 0
575 599 600
602 628 603
602 627 628
603 629 604
603 628 629
604 630 605
604 629 630
605 631 606
605 630 631
606 632 607
606 631 632
607 633 608
607 632 633
608 634 609
608 633 634
609 635 610
609 634 635
610 636 611
610 635 636
611 637 612
611 636 637
612 638 613
612 637 638
613 639 614
613 638 639
614 640 615
614 639 640
615 641 616
615 640 641
616 642 617
616 641 642
617 643 618
617 642 643
618 644 619
618 643 644
619 645 620
619 644 645
620 646 621
620 645 646
621 647 622
621 646 647
622 648 623
622 647 648
623 649 624
623 648 649
624 650 625
624 649 650
625 651 626
625 650 651
626 627 602
626 651 627
627 653 628
627 652 653
628 654 629
628 653 654
629 655 630
629 654 655
630 656 631
630 655 656
631 657 632
631 656 657
632 658 633
632 657 658
633 659 634
633 658 659
634 660 635
634 659 660
635 661 636
635 660 661
636 662 637
636 661 662
637 663 638
637 662 663
638 664 639
638 663 664
639 665 640
639 664 665
640 666 641
640 665 666
641 667 642
641 666 667
642 668 643
642 667 668
643 669 644
643 668 669
644 670 645
644 669 670
645 671 646
645 670 671
646 672 647
646 671 672
647 673 648
647 672 673
648 674 649
648 673 674
649 675 650
649 674 675
650 676 651
650 675 676
651 652 627
651 676 652
652 678 653
652 677 678
653 679 654
653 678 679
654 680 655
654 679 680
655 681 656
655 680 681
656 682 657
656 681 682
657 683 658
657 682 683
658 684 659
658 683 684
659 685 660
659 684 685
660 686 661
660 685 686
661 687 662
661 686 687
662 688 663
662 687 688
663 689 664
663 688 689
664 690 665
664 689 690
665 691 666
665 690 691
666 692 667
666 691 692
667 693 668
667 692 693
668 694 669
668 693 694
669 695 670
669 694 695
670 696 671
670 695 696
671 697 672
671 696 697
672 698 673
672 697 698
673 699 674
673 698 699
674 700 675
674 699 700
675 701 676
675 700 701
676 677 652
676 701 677
677 703 678
677 702 703
678 704 679
678 703 704
679 705 680
679 704 705
680 706 681
680 705 706
681 707 682
681 706 707
682 708 683
682 707 708
683 709 684
683 708 709
684 710 685
684 709 710
685 711 686
685 710 711
686 712 687
686 711 712
687 713 688
687 712 713
688 714 689
688 713 714
689 715 690
689 714 715
690 716 691
690 715 716
691 717 692
691 716 717
692 718 693
692 717 718
693 719 694
693 718 719
694 720 695
694 719 720
695 721 696
695 720 721
696 722 697
696 721 722
697 723 698
697 722 723
698 724 699
698 723 724
699 725 700
699 724 725
700 726 701
700 725 726
701 702 677
701 726 702
702 728 703
702 727 728
703 729 704
703 728 729
704 730 705
704 729 730
705 731 706
705 730 731
706 732 707
706 731 732
707 733 708
707 732 733
708 734 709
708 733 734
709 735 710
709 734 735
710 736 711
710 735 736
711 737 712
711 736 737
712 738 713
712 737 738
713 739 714
713 738 739
714 740 715
714 739 740
715 741 716
715 740 741
716 742 717
716 741 742
717 743 718
717 742 743
718 744 719
718 743 744
719 745 720
719 744 745
720 746 721
720 745 746
721 747 722
721 746 747
722 748 723
722 747 748
723 749 724
723 748 749
724 750 725
724 749 750
725 751 726
725 750 751
726 727 702
726 751 727
727 753 728
727 752 753
728 754 729
728 753 754
729 755 730
729 754 755
730 756 731
730 755 756
731 757 732
731 756 757
732 758 733
732 757 758
733 759 734
733 758 759
734 760 735
734 759 760
735 761 736
735 760 761
736 762 737
736 761 762
737 763 738
737 762 763
738 764 739
738 763 764
739 765 740
739 764 765
740 766 741
740 765 766
741 767 742
741 766 767
742 768 743
742 767 768
743 769 744
743 768 769
744 770 745
744 769 770
745 771 746
745 770 771
746 772 747
746 771 772
747 773 748
747 772 773
748 774 749
748 773 774
749 775 750
749 774 775
750 776 751
750 775 776
751 752 727
751 776 752
752 778 753
752 777 778
753 779 754
753 778 779
754 780 755
754 779 780
755 781 756
755 780 781
756 782 757
756 781 782
757 783 758
757 782 783
758 784 759
758 783 784
759 785 760
759 784 785
760 786 761
760 785 786
761 787 762
761 786 787
762 788 763
762 787 788
763 789 764
763 788 789
764 790 765
764 789 790
765 791 766
765 790 791
766 792 767
766 791 792
767 793 768
767 792 793
768 794 769
768 793 794
769 795 770
769 794 795
770 796 771
770 795 796
771 797 772
771 796 797
772 798 773
772 797 798
773 799 774
773 798 799
774 800 775
774 799 800
775 801 776
775 800 801
776 777 752
776 801 777
777 803 778
777 802 803
778 804 779
778 803 804
779 805 780
779 804 805
780 806 781
780 805 806
781 807 782
781 806 807
782 808 783
782 807 808
783 809 784
783 808 809
784 810 785
784 809 810
785 811 786
785 810 811
786 812 787
786 811 812
787 813 788
787 812 813
788 814 789
788 813 814
789 815 790
789 814 815
790 816 791
790 815 816
791 817 792
791 816 817
792 818 793
792 817 818
793 819 794
793 818 819
794 820 795
794 819 820
795 821 796
795 820 821
796 822 797
796 821 822
797 823 798
797 822 823
798 824 799
798 823 824
799 825 800
799 824 825
800 826 801
800 825 826
801 802 777
801 826 802
802 828 803
802 827 828
803 829 804
803 828 829
804 830 805
804 829 830
805 831 806
805 830 831
806 832 807
806 831 832
807 833 808
807 832 833
808 834 809
808 833 834
809 835 810
809 834 835
810 836 811
810 835 836
811 837 812
811 836 837
812 838 813
812 837 838
813 839 814
813 838 839
814 840 815
814 839 840
815 841 816
815 840 841
816 842 817
816 841 842
817 843 818
817 842 843
818 844 819
818 843 844
819 845 820
819 844 845
820 846 821
820 845 846
821 847 822
821 846 847
822 848 823
822 847 848
823 849 824
823 848 849
824 850 825
824 849 850
825 851 826
825 850 851
826 827 802
826 851 827
827 853 828
827 852 853
828 854 829
828 853 854
829 855 830
829 854 855
830 856 831
830 855 856
831 857 832
831 856 857
832 858 833
832 857 858
833 859 834
833 858 859
834 860 835
834 859 860
835 861 836
835 860 861
836 862 837
836 861 862
837 863 838
837 862 863
838 864 839
838 863 864
839 865 840
839 864 865
840 866 841
840 865 866
841 867 842
841 866 867
842 868 843
842 867 868
843 869 844
843 868 869
844 870 845
844 869 870
845 871 846
845 870 871
846 872 847
846 871 872
847 873 848
847 872 873
848 874 849
848 873 874
849 875 850
849 874 875
850 876 851
850 875 876
851 852 827
851 876 852
852 878 853
852 877 878
853 879 854
853 878 879
854 880 855
854 879 880
855 881 856
855 880 881
856 882 857
856 881 882
857 883 858
857 882 883
858 884 859
858 883 884
859 885 860
859 884 885
860 886 861
860 885 886
861 887 862
861 886 887
862 888 863
862 887 888
863 889 864
863 888 889
864 890 865
864 889 890
865 891 866
865 890 891
866 892 867
866 891 892
867 893 868
867 892 893
868 894 869
868 893 894
869 895 870
869 894 895
870 896 871
870 895 896
871 897 872
871 896 897
872 898 873
872 897 898
873 899 874
873 898 899
874 900 875
874 899 900
875 901 876
875 900 901
876 877 852
876 901 877
877 903 878
877 902 903
878 904 879
878 903 904
879 905 880
879 904 905
880 906 881
880 905 906
881 907 882
881 906 907
882 908 883
882 907 908
883 909 884
883 908 909
884 910 885
884 909 910
885 911 886
885 910 911
886 912 887
886 911 912
887 913 888
887 912 913
888 914 889
888 913 914
889 915 890
889 914 915
890 916 891
890 915 916
891 917 892
891 916 917
892 918 893
892 917 918
893 919 894
893 918 919
894 920 895
894 919 920
895 921 896
895 920 921
896 922 897
896 921 922
897 923 898
897 922 923
898 924 899
898 923 924
899 925 900
899 924 925
900 926 901
900 925 926
901 902 877
901 926 902
902 928 903
902 927 928
903 929 904
903 928 929
904 930 905
904 929 930
905 931 906
905 930 931
906 932 907
906 931 932
907 933 908
907 932 933
908 934 909
908 933 934
909 935 910
909 934 935
910 936 911
910 935 936
911 937 912
911 936 937
912 938 913
912 937 938
913 939 914
913 938 939
914 940 915
914 939 940
915 941 916
915 940 941
916 942 917
916 941 942
917 943 918
917 942 943
918 944 919
918 943 944
919 945 920
919 944 945
920 946 921
920 945 946
921 947 922
921 946 947
922 948 923
922 947 948
923 949 924
923 948 949
924 950 925
924 949 950
925 951 926
925 950 951
926 927 902
926 951 927
927 953 928
927 952 953
928 954 929
928 953 954
929 955 930
929 954 955
930 956 931
930 955 956
931 957 932
931 956 957
932 958 933
932 957 958
933 959 934
933 958 959
934 960 935
934 959 960
935 961 936
935 960 961
936 962 937
936 961 962
937 963 938
937 962 963
938 964 939
938 963 964
939 965 940
939 964 965
940 966 941
940 965 966
941 967 942
941 966 967
942 968 943
942 967 968
943 969 944
943 968 969
944 970 945
944 969 970
945 971 946
945 970 971
946 972 947
946 971 972
947 973 948
947 972 973
948 974 949
948 973 974
949 975 950
949 974 975
950 976 951
950 975 976
951 952 927
951 976 952
952 978 953
952 977 978
953 979 954
953 978 979
954 980 955
954 979 980
955 981 956
955 980 981
956 982 957
956 981 982
957 983 958
957 982 983
958 984 959
958 983 984
959 985 960
959 984 985
960 986 961
960 985 986
961 987 962
961 986 987
962 988 963
962 987 988
963 989 964
963 988 989
964 990 965
964 989 990
965 991 966
965 990 991
966 992 967
966 991 992
967 993 968
967 992 993
968 994 969
968 993 994
969 995 970
969 994 995
970 996 971
970 995 996
971 997 972
971 996 997
972 998 973
972 997 998
973 999 974
973 998 999
974 1000 975
974 999 1000
975 1001 976
975 1000 1001
976 977 952
976 1001 977
977 1003 978
977 1002 1003
978 1004 979
978 1003 1004
979 1005 980
979 1004 1005
980 1006 981
980 1005 1006
981 1007 982
981 1006 1007
982 1008 983
982 1007 1008
983 1009 984
983 1008 1009
984 1010 985
984 1009 1010
985 1011 986
985 1010 1011
986 1012 987
986 1011 1012
987 1013 988
987 1012 1013
988 1014 989
988 1013 1014
989 1015 990
989 1014 1015
990 1016 991
990 1015 1016
991 1017 992
991 1016 1017
992 1018 993
992 1017 1018
993 1019 994
993 1018 1019
994 1020 995
994 1019 1020
995 1021 996
995 1020 1021
996 1022 997
996 1021 1022
997 1023 998
997 1022 1023
998 1024 999
998 1023 1024
999 1025 1000
999 1024 1025
1000 1026 1001
1000 1025 1026
1001 1002 977
1001 1026 1002
1002 1028 1003
1002 1027 1028
1003 1029 1004
1003 1028 1029
1004 1030 1005
1004 1029 1030
1005 1031 1006
1005 1030 1031
1006 1032 1007
1006 1031 1032
1007 1033 1008
1007 1032 1033
1008 1034 1009
1008 1033 1034
1009 1035 1010
1009 1034 1035
1010 1036 1011
1010 1035 1036
1011 1037 1012
1011 1036 1037
1012 1038 1013
1012 1037 1038
1013 1039 1014
1013 1038 1039
1014 1040 1015
1014 1039 1040
1015 1041 1016
1015 1040 1041
1016 1042 1017
1016 1041 1042
1017 1043 1018
1017 1042 1043
1018 1044 1019
1018 1043 1044
1019 1045 1020
1019 1044 1045
1020 1046 1021
1020 1045 1046
1021 1047 1022
1021 1046 1047
1022 1048 1023
1022 1047 1048
1023 1049 1024
1023 1048 1049
1024 1050 1025
1024 1049 1050
1025 1051 1026
1025 1050 1051
1026 1027 1002
1026 1051 1027
1027 1053 1028
1027 1052 1053
1028 1054 1029
1028 1053 1054
1029 1055 1030
1029 1054 1055
1030 1056 1031
1030 1055 1056
1031 1057 1032
1031 1056 1057
1032 1058 1033
1032 1057 1058
1033 1059 1034
1033 1058 1059
1034 1060 1035
1034 1059 1060
1035 1061 1036
1035 1060 1061
1036 1062 1037
1036 1061 1062
1037 1063 1038
1037 1062 1063
1038 1064 1039
1038 1063 1064
1039 1065 1040
1039 1064 1065
1040 1066 1041
1040 1065 1066
1041 1067 1042
1041 1066 1067
1042 1068 1043
1042 1067 1068
1043 1069 1044
1043 1068 1069
1044 1070 1045
1044 1069 1070
1045 1071 1046
1045 1070 1071
1046 1072 1047
1046 1071 1072
1047 1073 1048
1047 1072 1073
1048 1074 1049
1048 1073 1074
1049 1075 1050
1049 1074 1075
1050 1076 1051
1050 1075 1076
1051 1052 1027
1051 1076 1052
1052 1078 1053
1052 1077 1078
1053 1079 1054
1053 1078 1079
1054 1080 1055
1054 1079 1080
1055 1081 1056
1055 1080 1081
1056 1082 1057
1056 1081 1082
1057 1083 1058
1057 1082 1083
1058 1084 1059
1058 1083 1084
1059 1085 1060
1059 1084 1085
1060 1086 1061
1060 1085 1086
1061 1087 1062
1061 1086 1087
1062 1088 1063
1062 1087 1088
1063 1089 1064
1063 1088 1089
1064 1090 1065
1064 1089 1090
1065 1091 1066
1065 1090 1091
1066 1092 1067
1066 1091 1092
1067 1093 1068
1067 1092 1093
1068 1094 1069
1068 1093 1094
1069 1095 1070
1069 1094 1095
1070 1096 1071
1070 1095 1096
1071 1097 1072
1071 1096 1097
1072 1098 1073
1072 1097 1098
1073 1099 1074
1073 1098 1099
1074 1100 1075
1074 1099 1100
1075 1101 1076
1075 1100 1101
1076 1077 1052
1076 1101 1077
1077 1103 1078
1077 1102 1103
1078 1104 1079
1078 1103 1104
1079 1105 1080
1079 1104 1105
1080 1106 1081
1080 1105 1106
1081 1107 1082
1081 1106 1107
1082 1108 1083
1082 1107 1108
1083 1109 1084
1083 1108 1109
1084 1110 1085
1084 1109 1110
1085 1111 1086
1085 1110 1111
1086 1112 1087
1086 1111 1112
1087 1113 1088
1087 1112 1113
1088 1114 1089
1088 1113 1114
1089 1115 1090
1089 1114 1115
1090 1116 1091
1090 1115 1116
1091 1117 1092
1091 1116 1117
1092 1118 1093
1092 1117 1118
1093 1119 1094
1093 1118 1119
1094 1120 1095
1094 1119 1120
1095 1121 1096
1095 1120 1121
1096 1122 1097
1096 1121 1122
1097 1123 1098
1097 1122 1123
1098 1124 1099
1098 1123 1124
1099 1125 1100
1099 1124 1125
1100 1126 1101
1100 1125 1126
1101 1102 1077
1101 1126 1102
1102 1128 1103
1102 1127 1128
1103 1129 1104
1103 1128 1129
1104 1130 1105
1104 1129 1130
1105 1131 1106
1105 1130 1131
1106 1132 1107
1106 1131 1132
1107 1133 1108
1107 1132 1133
1108 1134 1109
1108 1133 1134
1109 1135 1110
1109 1134 1135
1110 1136 1111
1110 1135 1136
1111 1137 1112
1111 1136 1137
1112 1138 1113
1112 1137 1138
1113 1139 1114
1113 1138 1139
1114 1140 1115
1114 1139 1140
1115 1141 1116
1115 1140 1141
1116 1142 1117
1116 1141 1142
1117 1143 1118
1117 1142 1143
1118 1144 1119
1118 1143 1144
1119 1145 1120
1119 1144 1145
1120 1146 1121
1120 1145 1146
1121 1147 1122
1121 1146 1147
1122 1148 1123
1122 1147 1148
1123 1149 1124
1123 1148 1149
1124 1150 1125
1124 1149 1150
1125 1151 1126
1125 1150 1151
1126 1127 1102
1126 1151 1127
1127 1153 1128
1127 1152 1153
1128 1154 1129
1128 1153 1154
1129 1155 1130
1129 1154 1155
1130 1156 1131
1130 1155 1156
1131 1157 1132
1131 1156 1157
1132 1158 1133
1132 1157 1158
1133 1159 1134
1133 1158 1159
1134 1160 1135
1134 1159 1160
1135 1161 1136
1135 1160 1161
1136 1162 1137
1136 1161 1162
1137 1163 1138
1137 1162 1163
1138 1164 1139
1138 1163 1164
1139 1165 1140
1139 1164 1165
1140 1166 1141
1140 1165 1166
1141 1167 1142
1141 1166 1167
1142 1168 1143
1142 1167 1168
1143 1169 1144
1143 1168 1169
1144 1170 1145
1144 1169 1170
1145 1171 1146
1145 1170 1171
1146 1172 1147
1146 1171 1172
1147 1173 1148
1147 1172 1173
1148 1174 1149
1148 1173 1174
1149 1175 1150
1149 1174 1175
1150 1176 1151
1150 1175 1176
1151 1152 1127
1151 1176 1152
1152 1178 1153
1152 1177 1178
1153 1179 1154
1153 1178 1179
1154 1180 1155
1154 1179 1180
1155 1181 1156
1155 1180 1181
1156 1182 1157
1156 1181 1182
1157 1183 1158
1157 1182 1183
1158 1184 1159
1158 1183 1184
1159 1185 1160
1159 1184 1185
1160 1186 1161
1160 1185 1186
1161 1187 1162
1161 1186 1187
1162 1188 1163
1162 1187 1188
1163 1189 1164
1163 1188 1189
1164 1190 1165
1164 1189 1190
1165 1191 1166
1165 1190 1191
1166 1192 1167
1166 1191 1192
1167 1193 1168
1167 1192 1193
1168 1194 1169
1168 1193 1194
1169 1195 1170
1169 1194 1195
1170 1196 1171
1170 1195 1196
1171 1197 1172
1171 1196 1197
1172 1198 1173
1172 1197 1198
1173 1199 1174
1173 1198 1199
1174 1200 1175
1174 1199 1200
1175 1201 1176
1175 1200 1201
1176 1177 1152
1176 1201 1177
1203 602 603
1178 1177 1202
1203 603 604
1179 1178 1202
1203 604 605
1180 1179 1202
1203 605 606
1181 1180 1202
1203 606 607
1182 1181 1202
1203 607 608
1183 1182 1202
1203 608 609
1184 1183 1202
1203 609 610
1185 1184 1202
1203 610 611
1186 1185 1202
1203 611 612
1187 1186 1202
1203 612 613
1188 1187 1202
1203 613 614
1189 1188 1202
1203 614 615
1190 1189 1202
1203 615 616
1191 1190 1202
1203 616 617
1192 1191 1202
1203 617 618
1193 1192 1202
1203 618 619
1194 1193 1202
1203 619 620
1195 1194 1202
1203 620 621
1196 1195 1202
1203 621 622
1197 1196 1202
1203 622 623
1198 1197 1202
1203 623 624
1199 1198 1202
1203 624 625
1200 1199 1202
1203 625 626
1201 1200 1202
1203 626 602
1177 1201 1202


// części
parts_count 2
0 0 0 0 0 0 0 0 0 0 0 0 0 0 0 0 0 0 0 0 0 0 0 0 0 0 0 0 0 0 0 0 0 0 0 0 0 0 0 0 0 0 0 0 0 0 0 0 0 0 0 0 0 0 0 0 0 0 0 0 0 0 0 0 0 0 0 0 0 0 0 0 0 0 0 0 0 0 0 0 0 0 0 0 0 0 0 0 0 0 0 0 0 0 0 0 0 0 0 0 0 0 0 0 0 0 0 0 0 0 0 0 0 0 0 0 0 0 0 0 0 0 0 0 0 0 0 0 0 0 0 0 0 0 0 0 0 0 0 0 0 0 0 0 0 0 0 0 0 0 0 0 0 0 0 0 0 0 0 0 0 0 0 0 0 0 0 0 0 0 0 0 0 0 0 0 0 0 0 0 0 0 0 0 0 0 0 0 0 0 0 0 0 0 0 0 0 0 0 0 0 0 0 0 0 0 0 0 0 0 0 0 0 0 0 0 0 0 0 0 0 0 0 0 0 0 0 0 0 0 0 0 0 0 0 0 0 0 0 0 0 0 0 0 0 0 0 0 0 0 0 0 0 0 0 0 0 0 0 0 0 0 0 0 0 0 0 0 0 0 0 0 0 0 0 0 0 0 0 0 0 0 0 0 0 0 0 0 0 0 0 0 0 0 0 0 0 0 0 0 0 0 0 0 0 0 0 0 0 0 0 0 0 0 0 0 0 0 0 0 0 0 0 0 0 0 0 0 0 0 0 0 0 0 0 0 0 0 0 0 0 0 0 0 0 0 0 0 0 0 0 0 0 0 0 0 0 0 0 0 0 0 0 0 0 0 0 0 0 0 0 0 0 0 0 0 0 0 0 0 0 0 0 0 0 0 0 0 0 0 0 0 0 0 0 0 0 0 0 0 0 0 0 0 0 0 0 0 0 0 0 0 0 0 0 0 0 0 0 0 0 0 0 0 0 0 0 0 0 0 0 0 0 0 0 0 0 0 0 0 0 0 0 0 0 0 0 0 0 0 0 0 0 0 0 0 0 0 0 0 0 0 0 0 0 0 0 0 0 0 0 0 0 0 0 0 0 0 0 0 0 0 0 0 0 0 0 0 0 0 0 0 0 0 0 0 0 0 0 0 0 0 0 0 0 0 0 0 0 0 0 0 0 0 0 0 0 0 0 0 0 0 0 0 0 0 0 0 0 0 0 0 0 0 0 0 0 0 0 0 0 0 0 0 0 0 0 0 0 0 0 0 0 0 0 0 0 0 0 0 0 0 0 0 0 0 0 0 0 0 0 0 0 0 0 0 0 0 0 0 0 0 0 0 0 0 0 0 0 0 0 0 0 0 0 0 0 0 0 0 0 0 0 0 0 0 0 0 0 0 0 0 0 0 0 0 0 0 0 0 0 0 0 0 0 0 0 0 0 0 0 0 0 0 0 0 0 0 0 0 0 0 0 0 0 0 0 0 0 0 0 0 0 0 0 0 0 0 0 0 0 0 0 0 0 0 0 0 0 0 0 0 0 0 0 0 0 0 0 0 0 0 0 0 0 0 0 0 0 0 0 0 0 0 0 0 0 0 0 0 0 0 0 0 0 0 0 0 0 0 0 0 0 0 0 0 0 0 0 0 0 0 0 0 0 0 0 0 0 0 0 0 0 0 0 0 0 0 0 0 0 0 0 0 0 0 0 0 0 0 0 0 0 0 0 0 0 0 0 0 0 0 0 0 0 0 0 0 0 0 0 0 0 0 0 0 0 0 0 0 0 0 0 0 0 0 0 0 0 0 0 0 0 0 0 0 0 0 0 0 0 0 0 0 0 0 0 0 0 0 0 0 0 0 0 0 0 0 0 0 0 0 0 0 0 0 0 0 0 0 0 0 0 0 0 0 0 0 0 0 0 0 0 0 0 0 0 0 0 0 0 0 0 0 0 0 0 0 0 0 0 0 0 0 0 0 0 0 0 0 0 0 0 0 0 0 0 0 0 0 0 0 0 0 0 0 0 0 0 0 0 0 0 0 0 0 0 0 0 0 0 0 0 0 0 0 0 0 0 0 0 0 0 0 0 0 0 0 0 0 0 0 0 0 0 0 0 0 0 0 0 0 0 0 0 0 0 0 0 0 0 0 0 0 0 0 0 0 0 0 0 0 0 0 0 0 0 0 0 0 0 0 0 0 0 0 0 0 0 0 0 0 0 0 0 0 0 0 0 0 0 0 0 0 0 0 0 0 0 0 0 0 0 0 0 0 0 0 0 0 0 0 0 0 0 0 0 0 0 0 0 0 0 0 0 0 0 0 0 0 0 0 0 0 0 0 0 0 0 0 0 0 0 0 0 0 0 0 0 0 0 0 0 0 0 0 0 0 0 0 0 0 0 0 0 0 0 0 0 0 0 0 0 0 0 0 0 0 0 0 0 0 0 0 0 0 0 0 0 0 0 0 0 0 0 0 0 0 0 0 0 0 0 0 0 0 0 0 0 0 0 0 0 0 0 0 0 0 0 0 0 0 0 0 0 0 0 0 0 0 0 0 0 0 0 0 0 0 0 0 0 0 0 0 0 0 0 0 0 0 0 0 0 0 0 0 0 0 0 0 0 0 0 0 0 0 0 0 0 0 0 0 0 0 0 0 0 0 0 0 0 0 0 0 0 0 0 0 0 0 0 0 0 0 0 0 0 0 0 0 0 0 0 0 0 0 0 0 0 0 1 1 1 1 1 1 1 1 1 1 1 1 1 1 1 1 1 1 1 1 1 1 1 1 1 1 1 1 1 1 1 1 1 1 1 1 1 1 1 1 1 1 1 1 1 1 1 1 1 1 1 1 1 1 1 1 1 1 1 1 1 1 1 1 1 1 1 1 1 1 1 1 1 1 1 1 1 1 1 1 1 1 1 1 1 1 1 1 1 1 1 1 1 1 1 1 1 1 1 1 1 1 1 1 1 1 1 1 1 1 1 1 1 1 1 1 1 1 1 1 1 1 1 1 1 1 1 1 1 1 1 1 1 1 1 1 1 1 1 1 1 1 1 1 1 1 1 1 1 1 1 1 1 1 1 1 1 1 1 1 1 1 1 1 1 1 1 1 1 1 1 1 1 1 1 1 1 1 1 1 1 1 1 1 1 1 1 1 1 1 1 1 1 1 1 1 1 1 1 1 1 1 1 1 1 1 1 1 1 1 1 1 1 1 1 1 1 1 1 1 1 1 1 1 1 1 1 1 1 1 1 1 1 1 1 1 1 1 1 1 1 1 1 1 1 1 1 1 1 1 1 1 1 1 1 1 1 1 1 1 1 1 1 1 1 1 1 1 1 1 1 1 1 1 1 1 1 1 1 1 1 1 1 1 1 1 1 1 1 1 1 1 1 1 1 1 1 1 1 1 1 1 1 1 1 1 1 1 1 1 1 1 1 1 1 1 1 1 1 1 1 1 1 1 1 1 1 1 1 1 1 1 1 1 1 1 1 1 1 1 1 1 1 1 1 1 1 1 1 1 1 1 1 1 1 1 1 1 1 1 1 1 1 1 1 1 1 1 1 1 1 1 1 1 1 1 1 1 1 1 1 1 1 1 1 1 1 1 1 1 1 1 1 1 1 1 1 1 1 1 1 1 1 1 1 1 1 1 1 1 1 1 1 1 1 1 1 1 1 1 1 1 1 1 1 1 1 1 1 1 1 1 1 1 1 1 1 1 1 1 1 1 1 1 1 1 1 1 1 1 1 1 1 1 1 1 1 1 1 1 1 1 1 1 1 1 1 1 1 1 1 1 1 1 1 1 1 1 1 1 1 1 1 1 1 1 1 1 1 1 1 1 1 1 1 1 1 1 1 1 1 1 1 1 1 1 1 1 1 1 1 1 1 1 1 1 1 1 1 1 1 1 1 1 1 1 1 1 1 1 1 1 1 1 1 1 1 1 1 1 1 1 1 1 1 1 1 1 1 1 1 1 1 1 1 1 1 1 1 1 1 1 1 1 1 1 1 1 1 1 1 1 1 1 1 1 1 1 1 1 1 1 1 1 1 1 1 1 1 1 1 1 1 1 1 1 1 1 1 1 1 1 1 1 1 1 1 1 1 1 1 1 1 1 1 1 1 1 1 1 1 1 1 1 1 1 1 1 1 1 1 1 1 1 1 1 1 1 1 1 1 1 1 1 1 1 1 1 1 1 1 1 1 1 1 1 1 1 1 1 1 1 1 1 1 1 1 1 1 1 1 1 1 1 1 1 1 1 1 1 1 1 1 1 1 1 1 1 1 1 1 1 1 1 1 1 1 1 1 1 1 1 1 1 1 1 1 1 1 1 1 1 1 1 1 1 1 1 1 1 1 1 1 1 1 1 1 1 1 1 1 1 1 1 1 1 1 1 1 1 1 1 1 1 1 1 1 1 1 1 1 1 1 1 1 1 1 1 1 1 1 1 1 1 1 1 1 1 1 1 1 1 1 1 1 1 1 1 1 1 1 1 1 1 1 1 1 1 1 1 1 1 1 1 1 1 1 1 1 1 1 1 1 1 1 1 1 1 1 1 1 1 1 1 1 1 1 1 1 1 1 1 1 1 1 1 1 1 1 1 1 1 1 1 1 1 1 1 1 1 1 1 1 1 1 1 1 1 1 1 1 1 1 1 1 1 1 1 1 1 1 1 1 1 1 1 1 1 1 1 1 1 1 1 1 1 1 1 1 1 1 1 1 1 1 1 1 1 1 1 1 1 1 1 1 1 1 1 1 1 1 1 1 1 1 1 1 1 1 1 1 1 1 1 1 1 1 1 1 1 1 1 1 1 1 1 1 1 1 1 1 1 1 1 1 1 1 1 1 1 1 1 1 1 1 1 1 1 1 1 1 1 1 1 1 1 1 1 1 1 1 1 1 1 1 1 1 1 1 1 1 1 1 1 1 1 1 1 1 1 1 1 1 1 1 1 1 1 1 1 1 1 1 1 1 1 1 1 1 1 1 1 1 1 1 1 1 1 1 1 1 1 1 1 1 1 1 1 1 1 1 1 1 1 1 1 1 1 1 1 1 1 1 1 1 1 1 1 1 1 1 1 1 1 1 1 1 1 1 1 1 1 1 1 1 1 1 1 1 1 1 1 1 1 1 1 1 1 1 1 1 1 1 1 1 1 1 1 1 1 1 1 1 1 1 1 1 1 1 1 1 1 1 1 1 1 1 1 1 1 1 1 1 1 1 1 1 1 1 1 1 1 1 1 1 1 1 1 1 1 1 1 1 1 1 1 1 1 1 1 1 1 1 1 1 1 1 1 1 1 1 1 1 1 1 1 1 1 1 1 1 1 1 1 1 1 1 1 1 1 1 1 1 1 1 1 1 1 1 1 1 1 1 1 1 1 1 1 1 1 1 1 1 1 1 1 1 1 1 1 1 1 1 1 1 1 1 1 1 1 


// materiały
materials_count 1

mat_name default
rgb 0.6 0.95 0.5
kdCr 1
kdCg 1
kdCb 1
ksCr 1
ksCg 1
ksCb 1
krCr 1
krCg 1
krCb 1
kaCr 1
kaCg 1
kaCb 1
g 1
n 1


// przypisanie materiałów
0 default
1 default


// światła
lights_count 1

light_name Default_light
enabled 1
light_type point
rgb 1 1 1
power 8
pos 1 1 1
dir 0 0 0
inner_angle -1
outer_angle -1
gonio_count 2
0 1
180 1


// kamery
cams_count 1
active 0

cam_name Cam1
resolution 800 600
pos 5 2 5
lookAt 4.311753 1.770584 4.311753
fov 60
rotation 0


// hierarchia
node_count 1

hier_type Node
hier_name Node
	node_count 2
	
	hier_type Mesh
	hier_name Modeler.Data.Shapes.Sphere
triangle_count 1200
	1200 1201 1202 1203 1204 1205 1206 1207 1208 1209 1210 1211 1212 1213 1214 1215 1216 1217 1218 1219 1220 1221 1222 1223 1224 1225 1226 1227 1228 1229 1230 1231 1232 1233 1234 1235 1236 1237 1238 1239 1240 1241 1242 1243 1244 1245 1246 1247 1248 1249 1250 1251 1252 1253 1254 1255 1256 1257 1258 1259 1260 1261 1262 1263 1264 1265 1266 1267 1268 1269 1270 1271 1272 1273 1274 1275 1276 1277 1278 1279 1280 1281 1282 1283 1284 1285 1286 1287 1288 1289 1290 1291 1292 1293 1294 1295 1296 1297 1298 1299 1300 1301 1302 1303 1304 1305 1306 1307 1308 1309 1310 1311 1312 1313 1314 1315 1316 1317 1318 1319 1320 1321 1322 1323 1324 1325 1326 1327 1328 1329 1330 1331 1332 1333 1334 1335 1336 1337 1338 1339 1340 1341 1342 1343 1344 1345 1346 1347 1348 1349 1350 1351 1352 1353 1354 1355 1356 1357 1358 1359 1360 1361 1362 1363 1364 1365 1366 1367 1368 1369 1370 1371 1372 1373 1374 1375 1376 1377 1378 1379 1380 1381 1382 1383 1384 1385 1386 1387 1388 1389 1390 1391 1392 1393 1394 1395 1396 1397 1398 1399 1400 1401 1402 1403 1404 1405 1406 1407 1408 1409 1410 1411 1412 1413 1414 1415 1416 1417 1418 1419 1420 1421 1422 1423 1424 1425 1426 1427 1428 1429 1430 1431 1432 1433 1434 1435 1436 1437 1438 1439 1440 1441 1442 1443 1444 1445 1446 1447 1448 1449 1450 1451 1452 1453 1454 1455 1456 1457 1458 1459 1460 1461 1462 1463 1464 1465 1466 1467 1468 1469 1470 1471 1472 1473 1474 1475 1476 1477 1478 1479 1480 1481 1482 1483 1484 1485 1486 1487 1488 1489 1490 1491 1492 1493 1494 1495 1496 1497 1498 1499 1500 1501 1502 1503 1504 1505 1506 1507 1508 1509 1510 1511 1512 1513 1514 1515 1516 1517 1518 1519 1520 1521 1522 1523 1524 1525 1526 1527 1528 1529 1530 1531 1532 1533 1534 1535 1536 1537 1538 1539 1540 1541 1542 1543 1544 1545 1546 1547 1548 1549 1550 1551 1552 1553 1554 1555 1556 1557 1558 1559 1560 1561 1562 1563 1564 1565 1566 1567 1568 1569 1570 1571 1572 1573 1574 1575 1576 1577 1578 1579 1580 1581 1582 1583 1584 1585 1586 1587 1588 1589 1590 1591 1592 1593 1594 1595 1596 1597 1598 1599 1600 1601 1602 1603 1604 1605 1606 1607 1608 1609 1610 1611 1612 1613 1614 1615 1616 1617 1618 1619 1620 1621 1622 1623 1624 1625 1626 1627 1628 1629 1630 1631 1632 1633 1634 1635 1636 1637 1638 1639 1640 1641 1642 1643 1644 1645 1646 1647 1648 1649 1650 1651 1652 1653 1654 1655 1656 1657 1658 1659 1660 1661 1662 1663 1664 1665 1666 1667 1668 1669 1670 1671 1672 1673 1674 1675 1676 1677 1678 1679 1680 1681 1682 1683 1684 1685 1686 1687 1688 1689 1690 1691 1692 1693 1694 1695 1696 1697 1698 1699 1700 1701 1702 1703 1704 1705 1706 1707 1708 1709 1710 1711 1712 1713 1714 1715 1716 1717 1718 1719 1720 1721 1722 1723 1724 1725 1726 1727 1728 1729 1730 1731 1732 1733 1734 1735 1736 1737 1738 1739 1740 1741 1742 1743 1744 1745 1746 1747 1748 1749 1750 1751 1752 1753 1754 1755 1756 1757 1758 1759 1760 1761 1762 1763 1764 1765 1766 1767 1768 1769 1770 1771 1772 1773 1774 1775 1776 1777 1778 1779 1780 1781 1782 1783 1784 1785 1786 1787 1788 1789 1790 1791 1792 1793 1794 1795 1796 1797 1798 1799 1800 1801 1802 1803 1804 1805 1806 1807 1808 1809 1810 1811 1812 1813 1814 1815 1816 1817 1818 1819 1820 1821 1822 1823 1824 1825 1826 1827 1828 1829 1830 1831 1832 1833 1834 1835 1836 1837 1838 1839 1840 1841 1842 1843 1844 1845 1846 1847 1848 1849 1850 1851 1852 1853 1854 1855 1856 1857 1858 1859 1860 1861 1862 1863 1864 1865 1866 1867 1868 1869 1870 1871 1872 1873 1874 1875 1876 1877 1878 1879 1880 1881 1882 1883 1884 1885 1886 1887 1888 1889 1890 1891 1892 1893 1894 1895 1896 1897 1898 1899 1900 1901 1902 1903 1904 1905 1906 1907 1908 1909 1910 1911 1912 1913 1914 1915 1916 1917 1918 1919 1920 1921 1922 1923 1924 1925 1926 1927 1928 1929 1930 1931 1932 1933 1934 1935 1936 1937 1938 1939 1940 1941 1942 1943 1944 1945 1946 1947 1948 1949 1950 1951 1952 1953 1954 1955 1956 1957 1958 1959 1960 1961 1962 1963 1964 1965 1966 1967 1968 1969 1970 1971 1972 1973 1974 1975 1976 1977 1978 1979 1980 1981 1982 1983 1984 1985 1986 1987 1988 1989 1990 1991 1992 1993 1994 1995 1996 1997 1998 1999 2000 2001 2002 2003 2004 2005 2006 2007 2008 2009 2010 2011 2012 2013 2014 2015 2016 2017 2018 2019 2020 2021 2022 2023 2024 2025 2026 2027 2028 2029 2030 2031 2032 2033 2034 2035 2036 2037 2038 2039 2040 2041 2042 2043 2044 2045 2046 2047 2048 2049 2050 2051 2052 2053 2054 2055 2056 2057 2058 2059 2060 2061 2062 2063 2064 2065 2066 2067 2068 2069 2070 2071 2072 2073 2074 2075 2076 2077 2078 2079 2080 2081 2082 2083 2084 2085 2086 2087 2088 2089 2090 2091 2092 2093 2094 2095 2096 2097 2098 2099 2100 2101 2102 2103 2104 2105 2106 2107 2108 2109 2110 2111 2112 2113 2114 2115 2116 2117 2118 2119 2120 2121 2122 2123 2124 2125 2126 2127 2128 2129 2130 2131 2132 2133 2134 2135 2136 2137 2138 2139 2140 2141 2142 2143 2144 2145 2146 2147 2148 2149 2150 2151 2152 2153 2154 2155 2156 2157 2158 2159 2160 2161 2162 2163 2164 2165 2166 2167 2168 2169 2170 2171 2172 2173 2174 2175 2176 2177 2178 2179 2180 2181 2182 2183 2184 2185 2186 2187 2188 2189 2190 2191 2192 2193 2194 2195 2196 2197 2198 2199 2200 2201 2202 2203 2204 2205 2206 2207 2208 2209 2210 2211 2212 2213 2214 2215 2216 2217 2218 2219 2220 2221 2222 2223 2224 2225 2226 2227 2228 2229 2230 2231 2232 2233 2234 2235 2236 2237 2238 2239 2240 2241 2242 2243 2244 2245 2246 2247 2248 2249 2250 2251 2252 2253 2254 2255 2256 2257 2258 2259 2260 2261 2262 2263 2264 2265 2266 2267 2268 2269 2270 2271 2272 2273 2274 2275 2276 2277 2278 2279 2280 2281 2282 2283 2284 2285 2286 2287 2288 2289 2290 2291 2292 2293 2294 2295 2296 2297 2298 2299 2300 2301 2302 2303 2304 2305 2306 2307 2308 2309 2310 2311 2312 2313 2314 2315 2316 2317 2318 2319 2320 2321 2322 2323 2324 2325 2326 2327 2328 2329 2330 2331 2332 2333 2334 2335 2336 2337 2338 2339 2340 2341 2342 2343 2344 2345 2346 2347 2348 2349 2350 2351 2352 2353 2354 2355 2356 2357 2358 2359 2360 2361 2362 2363 2364 2365 2366 2367 2368 2369 2370 2371 2372 2373 2374 2375 2376 2377 2378 2379 2380 2381 2382 2383 2384 2385 2386 2387 2388 2389 2390 2391 2392 2393 2394 2395 2396 2397 2398 2399 
	
	hier_type Mesh
	hier_name Modeler.Data.Shapes.Sphere
triangle_count 1200
	0 1 2 3 4 5 6 7 8 9 10 11 12 13 14 15 16 17 18 19 20 21 22 23 24 25 26 27 28 29 30 31 32 33 34 35 36 37 38 39 40 41 42 43 44 45 46 47 48 49 50 51 52 53 54 55 56 57 58 59 60 61 62 63 64 65 66 67 68 69 70 71 72 73 74 75 76 77 78 79 80 81 82 83 84 85 86 87 88 89 90 91 92 93 94 95 96 97 98 99 100 101 102 103 104 105 106 107 108 109 110 111 112 113 114 115 116 117 118 119 120 121 122 123 124 125 126 127 128 129 130 131 132 133 134 135 136 137 138 139 140 141 142 143 144 145 146 147 148 149 150 151 152 153 154 155 156 157 158 159 160 161 162 163 164 165 166 167 168 169 170 171 172 173 174 175 176 177 178 179 180 181 182 183 184 185 186 187 188 189 190 191 192 193 194 195 196 197 198 199 200 201 202 203 204 205 206 207 208 209 210 211 212 213 214 215 216 217 218 219 220 221 222 223 224 225 226 227 228 229 230 231 232 233 234 235 236 237 238 239 240 241 242 243 244 245 246 247 248 249 250 251 252 253 254 255 256 257 258 259 260 261 262 263 264 265 266 267 268 269 270 271 272 273 274 275 276 277 278 279 280 281 282 283 284 285 286 287 288 289 290 291 292 293 294 295 296 297 298 299 300 301 302 303 304 305 306 307 308 309 310 311 312 313 314 315 316 317 318 319 320 321 322 323 324 325 326 327 328 329 330 331 332 333 334 335 336 337 338 339 340 341 342 343 344 345 346 347 348 349 350 351 352 353 354 355 356 357 358 359 360 361 362 363 364 365 366 367 368 369 370 371 372 373 374 375 376 377 378 379 380 381 382 383 384 385 386 387 388 389 390 391 392 393 394 395 396 397 398 399 400 401 402 403 404 405 406 407 408 409 410 411 412 413 414 415 416 417 418 419 420 421 422 423 424 425 426 427 428 429 430 431 432 433 434 435 436 437 438 439 440 441 442 443 444 445 446 447 448 449 450 451 452 453 454 455 456 457 458 459 460 461 462 463 464 465 466 467 468 469 470 471 472 473 474 475 476 477 478 479 480 481 482 483 484 485 486 487 488 489 490 491 492 493 494 495 496 497 498 499 500 501 502 503 504 505 506 507 508 509 510 511 512 513 514 515 516 517 518 519 520 521 522 523 524 525 526 527 528 529 530 531 532 533 534 535 536 537 538 539 540 541 542 543 544 545 546 547 548 549 550 551 552 553 554 555 556 557 558 559 560 561 562 563 564 565 566 567 568 569 570 571 572 573 574 575 576 577 578 579 580 581 582 583 584 585 586 587 588 589 590 591 592 593 594 595 596 597 598 599 600 601 602 603 604 605 606 607 608 609 610 611 612 613 614 615 616 617 618 619 620 621 622 623 624 625 626 627 628 629 630 631 632 633 634 635 636 637 638 639 640 641 642 643 644 645 646 647 648 649 650 651 652 653 654 655 656 657 658 659 660 661 662 663 664 665 666 667 668 669 670 671 672 673 674 675 676 677 678 679 680 681 682 683 684 685 686 687 688 689 690 691 692 693 694 695 696 697 698 699 700 701 702 703 704 705 706 707 708 709 710 711 712 713 714 715 716 717 718 719 720 721 722 723 724 725 726 727 728 729 730 731 732 733 734 735 736 737 738 739 740 741 742 743 744 745 746 747 748 749 750 751 752 753 754 755 756 757 758 759 760 761 762 763 764 765 766 767 768 769 770 771 772 773 774 775 776 777 778 779 780 781 782 783 784 785 786 787 788 789 790 791 792 793 794 795 796 797 798 799 800 801 802 803 804 805 806 807 808 809 810 811 812 813 814 815 816 817 818 819 820 821 822 823 824 825 826 827 828 829 830 831 832 833 834 835 836 837 838 839 840 841 842 843 844 845 846 847 848 849 850 851 852 853 854 855 856 857 858 859 860 861 862 863 864 865 866 867 868 869 870 871 872 873 874 875 876 877 878 879 880 881 882 883 884 885 886 887 888 889 890 891 892 893 894 895 896 897 898 899 900 901 902 903 904 905 906 907 908 909 910 911 912 913 914 915 916 917 918 919 920 921 922 923 924 925 926 927 928 929 930 931 932 933 934 935 936 937 938 939 940 941 942 943 944 945 946 947 948 949 950 951 952 953 954 955 956 957 958 959 960 961 962 963 964 965 966 967 968 969 970 971 972 973 974 975 976 977 978 979 980 981 982 983 984 985 986 987 988 989 990 991 992 993 994 995 996 997 998 999 1000 1001 1002 1003 1004 1005 1006 1007 1008 1009 1010 1011 1012 1013 1014 1015 1016 1017 1018 1019 1020 1021 1022 1023 1024 1025 1026 1027 1028 1029 1030 1031 1032 1033 1034 1035 1036 1037 1038 1039 1040 1041 1042 1043 1044 1045 1046 1047 1048 1049 1050 1051 1052 1053 1054 1055 1056 1057 1058 1059 1060 1061 1062 1063 1064 1065 1066 1067 1068 1069 1070 1071 1072 1073 1074 1075 1076 1077 1078 1079 1080 1081 1082 1083 1084 1085 1086 1087 1088 1089 1090 1091 1092 1093 1094 1095 1096 1097 1098 1099 1100 1101 1102 1103 1104 1105 1106 1107 1108 1109 1110 1111 1112 1113 1114 1115 1116 1117 1118 1119 1120 1121 1122 1123 1124 1125 1126 1127 1128 1129 1130 1131 1132 1133 1134 1135 1136 1137 1138 1139 1140 1141 1142 1143 1144 1145 1146 1147 1148 1149 1150 1151 1152 1153 1154 1155 1156 1157 1158 1159 1160 1161 1162 1163 1164 1165 1166 1167 1168 1169 1170 1171 1172 1173 1174 1175 1176 1177 1178 1179 1180 1181 1182 1183 1184 1185 1186 1187 1188 1189 1190 1191 1192 1193 1194 1195 1196 1197 1198 1199 
